(126335 1626.505)
(123793 1448.362)
(132738 1266.17)
(145906 1254.024)
(174086 1197.342)
(127865 998.956)
(136110 922.031)
(130259 776.277)
(131533 776.277)
(131117 729.717)
(137585 725.669)
(125465 713.523)
(124204 683.157)
(136860 634.573)
(123373 583.964)
(125564 567.769)
(166633 539.428)
(168592 531.331)
(172027 505.014)
(154002 492.868)
(152836 486.795)
(140321 442.26)
(128959 438.211)
(168610 411.894)
(1076484 395.699)
(142179 383.553)
(147594 375.456)
(153475 375.456)
(134849 369.383)
(131698 363.31)
(146684 359.261)
(138431 349.139)
(1226293 349.139)
(963476 343.066)
(166006 324.847)
(144051 320.798)
(132135 316.75)
(152662 314.725)
(148089 312.701)
(139086 302.579)
