2138.05011019
1597.95204189
1717.97383484
1473.9295225
1793.98763705
1333.90409738
1089.85978504
1213.88230443
1033.84961499
1021.8474357
969.837992085
801.807481947
797.806755515
597.770433922
533.758811012
697.788594718
637.777698241
717.792226878
901.825642743
481.749367398
801.807481947
513.755178853
485.75009383
569.765348899
489.750820262
461.745735239
533.758811012
429.739923784
497.752273126
445.742829512
493.751546694
377.73048017
453.744282375
345.724668715
569.765348899
277.712319374
549.76171674
345.724668715
461.745735239
421.73847092
