(126335 1612.334)
(123793 1411.924)
(145906 1252.0)
(132738 1233.781)
(174086 1225.683)
(127865 1102.198)
(136110 899.763)
(131533 834.984)
(131117 808.667)
(124204 658.865)
(125465 650.768)
(130259 636.597)
(172027 620.402)
(137585 610.281)
(123373 588.013)
(125564 583.964)
(154002 583.964)
(136860 567.769)
(152836 529.307)
(166633 511.087)
(153475 436.186)
(166006 424.04)
(138431 419.992)
(140321 409.87)
(128959 407.846)
(134015 403.797)
(1226293 387.602)
(1076484 385.578)
(168592 373.432)
(141688 367.359)
(142179 367.359)
(144714 351.164)
(755371 345.091)
(152662 336.993)
(132135 332.945)
(144051 330.92)
(168610 328.896)
(139086 316.75)
(127081 308.652)
(135750 308.652)
(1869763 306.628)
(131698 304.604)
(147594 300.555)
(146684 296.506)
(1697200 286.385)
(154652 284.36)
(143094 278.287)
(125424 276.263)
(408994 272.214)
(1859039 264.117)
(730008 262.092)
(963476 262.092)
(1889597 262.092)
(124553 258.044)
(127495 253.995)
(1729232 249.946)
(1213427 245.897)
(1229740 245.897)
(1992625 245.897)
(141548 239.824)
(149739 239.824)
(180843 235.776)
(729362 233.751)
(1057664 233.751)
(1064397 231.727)
(134393 227.678)
(160612 227.678)
(183200 225.654)
(432275 225.654)
(130727 219.581)
(133584 219.581)
(709832 219.581)
(148089 215.532)
(181453 215.532)
(1274956 215.532)
(2656444 215.532)
(671761 207.435)
(180014 201.362)
(1534987 201.362)
(1630965 201.362)
(141761 199.337)
(573593 199.337)
(1498329 197.313)
(263699 193.264)
(1221372 193.264)
(1238932 193.264)
(1773356 193.264)
(1907323 193.264)
(2426137 191.24)
(148690 189.216)
(162634 189.216)
(184374 189.216)
(2368838 187.191)
(159931 185.167)
(688271 185.167)
(1484383 185.167)
(1769705 185.167)
(914568 183.143)
(1329072 183.143)
(134849 181.118)
(1567172 181.118)
(638318 179.094)
(1210233 179.094)
(2325393 179.094)
(2783742 179.094)
(1484078 177.07)
(2555037 177.07)
(1434272 170.997)
(1831657 170.997)
(1289744 168.972)
(1625102 168.972)
(1746190 168.972)
(1860491 168.972)
(174258 166.948)
(555311 166.948)
(977381 166.948)
(129831 164.923)
(193179 164.923)
(1453669 164.923)
(128730 162.899)
(806803 162.899)
(1282254 162.899)
(1636171 162.899)
(154823 160.875)
(644425 160.875)
(1010926 160.875)
(1420770 160.875)
(329069 158.85)
(1108814 158.85)
(1175903 158.85)
(1687082 158.85)
(1962198 158.85)
(164593 156.826)
(169961 156.826)
(746366 156.826)
(945880 156.826)
(1121351 156.826)
(1425852 156.826)
(1849737 156.826)
(2460620 156.826)
(1391477 154.802)
(1444142 154.802)
(1880626 154.802)
(2267346 154.802)
(2916025 154.802)
(182578 152.777)
(615009 152.777)
(833666 152.777)
(1064359 152.777)
(1268360 152.777)
(1661651 152.777)
(1996590 152.777)
(178058 150.753)
(204063 150.753)
(547674 150.753)
(620524 150.753)
(857508 150.753)
(903647 150.753)
(1689209 150.753)
(1904034 150.753)
(2565135 150.753)
(135459 148.729)
(864981 148.729)
(999526 148.729)
(1808901 148.729)
(1842684 148.729)
(1920477 148.729)
(2374314 148.729)
(176025 146.704)
(432268 146.704)
(466944 146.704)
(568059 146.704)
(816840 146.704)
(921642 146.704)
(1363651 146.704)
(1427750 146.704)
(926842 144.68)
(196859 142.656)
(226072 142.656)
(241461 142.656)
(686884 142.656)
(1120159 142.656)
(2650888 142.656)
(2678083 142.656)
(2706963 142.656)
(217917 140.631)
(610093 140.631)
(1228651 140.631)
(1325648 140.631)
(1449570 140.631)
(1543836 140.631)
(1788819 140.631)
(2778191 140.631)
(155735 138.607)
(187477 138.607)
(654681 138.607)
(830504 138.607)
(990892 138.607)
(992623 138.607)
(1378631 138.607)
(1692989 138.607)
(1707988 138.607)
(2132117 138.607)
(2892981 138.607)
(172914 136.583)
(203856 136.583)
(836631 136.583)
(1016759 136.583)
(1303995 136.583)
(1335648 136.583)
(1547971 136.583)
(2829293 136.583)
(178429 134.558)
(474665 134.558)
(1173025 134.558)
(1305217 134.558)
(1547051 134.558)
(1869056 134.558)
(2034407 134.558)
(2553295 134.558)
(2712258 134.558)
(2794512 134.558)
(788115 132.534)
(1094009 132.534)
(1121132 132.534)
(1149283 132.534)
(1390469 132.534)
(1542250 132.534)
(1913424 132.534)
(1982904 132.534)
(2057094 132.534)
(2234578 132.534)
(2689743 132.534)
(141300 130.509)
(376219 130.509)
(1156321 130.509)
(1179273 130.509)
(1254547 130.509)
(1336309 130.509)
(1410653 130.509)
(1675905 130.509)
(1744232 130.509)
(1924290 130.509)
(2098200 130.509)
(2420222 130.509)
(155381 128.485)
(199231 128.485)
(452942 128.485)
(595048 128.485)
(658625 128.485)
(781281 128.485)
(943243 128.485)
(1018841 128.485)
(1448967 128.485)
(1469072 128.485)
(1530913 128.485)
(1768942 128.485)
(1858651 128.485)
(1877137 128.485)
(2435754 128.485)
(2584153 128.485)
(2807362 128.485)
(285225 126.461)
(505877 126.461)
(1146727 126.461)
(1294852 126.461)
(1430716 126.461)
(1446293 126.461)
(1493246 126.461)
(1608617 126.461)
(1821884 126.461)
(1924247 126.461)
(183194 124.436)
(439655 124.436)
(503972 124.436)
(524341 124.436)
(550322 124.436)
(858304 124.436)
(941248 124.436)
(982621 124.436)
(1215281 124.436)
(1560169 124.436)
(1624452 124.436)
(1796472 124.436)
(2171671 124.436)
(2672907 124.436)
(2958416 124.436)
(227716 122.412)
(230875 122.412)
(365608 122.412)
(420842 122.412)
(536347 122.412)
(745303 122.412)
(1031440 122.412)
(1260666 122.412)
(1655531 122.412)
(1784020 122.412)
(1866411 122.412)
(1878529 122.412)
(1916904 122.412)
(2213992 122.412)
(2315001 122.412)
(2505335 122.412)
(210180 120.388)
(377045 120.388)
(417055 120.388)
(493265 120.388)
(545632 120.388)
(634306 120.388)
(695796 120.388)
(1001122 120.388)
(1039616 120.388)
(1162640 120.388)
(1172052 120.388)
(1273589 120.388)
(1317747 120.388)
(1365521 120.388)
(1598390 120.388)
(1875650 120.388)
(1940985 120.388)
(2673874 120.388)
(178753 118.363)
(345146 118.363)
(514672 118.363)
(634755 118.363)
(930824 118.363)
(954303 118.363)
(1024498 118.363)
(1176070 118.363)
(1181529 118.363)
(1203684 118.363)
(1241304 118.363)
(1309537 118.363)
(1616442 118.363)
(1730006 118.363)
(1814016 118.363)
(1935592 118.363)
(2018456 118.363)
(2273401 118.363)
(2463317 118.363)
(2510283 118.363)
(2630030 118.363)
(2895264 118.363)
(195124 116.339)
(243449 116.339)
(441162 116.339)
(678415 116.339)
(695314 116.339)
(768842 116.339)
(781825 116.339)
(812029 116.339)
(1069002 116.339)
(1070445 116.339)
(1075242 116.339)
(1299039 116.339)
(1419083 116.339)
(2740079 116.339)
(164051 114.315)
(615644 114.315)
(1058632 114.315)
(1538863 114.315)
(1576300 114.315)
(1584972 114.315)
(1868145 114.315)
(1882156 114.315)
(1973331 114.315)
(2073373 114.315)
(2130962 114.315)
(2134815 114.315)
(2260645 114.315)
(140877 112.29)
(227818 112.29)
(265806 112.29)
(472922 112.29)
(671410 112.29)
(834814 112.29)
(883661 112.29)
(1515339 112.29)
(1873684 112.29)
(1919823 112.29)
(2337484 112.29)
(2396986 112.29)
(2705569 112.29)
(2883006 112.29)
(139792 110.266)
(269172 110.266)
(315804 110.266)
(396894 110.266)
(482477 110.266)
(795734 110.266)
(903091 110.266)
(1032121 110.266)
(1112658 110.266)
(1337205 110.266)
(1470044 110.266)
(1483804 110.266)
(2143038 110.266)
(2598866 110.266)
(2935879 110.266)
(149655 108.242)
(175496 108.242)
(227442 108.242)
(228171 108.242)
(240208 108.242)
(365727 108.242)
(627759 108.242)
(863680 108.242)
(924469 108.242)
(1106101 108.242)
(1139708 108.242)
(1457171 108.242)
(1497935 108.242)
(1613579 108.242)
(1935762 108.242)
(2017483 108.242)
(2359988 108.242)
(2679540 108.242)
(279859 106.217)
(369203 106.217)
(598578 106.217)
(706145 106.217)
(849468 106.217)
(861118 106.217)
(948002 106.217)
(1047479 106.217)
(1460767 106.217)
(1659986 106.217)
(1708628 106.217)
(1776443 106.217)
(1832871 106.217)
(2272458 106.217)
(2327027 106.217)
(2670837 106.217)
(156607 104.193)
(182915 104.193)
(200269 104.193)
(232383 104.193)
(373415 104.193)
(467091 104.193)
(491342 104.193)
(644208 104.193)
(786311 104.193)
(802815 104.193)
(844779 104.193)
(862446 104.193)
(1018136 104.193)
(1099773 104.193)
(1287535 104.193)
(1658741 104.193)
(1735828 104.193)
(1821702 104.193)
(1960387 104.193)
(2046641 104.193)
(2106253 104.193)
(2342266 104.193)
(149913 102.169)
(241759 102.169)
(403038 102.169)
(716072 102.169)
(1123165 102.169)
(1274294 102.169)
(1292843 102.169)
(1339136 102.169)
(1536497 102.169)
(1755587 102.169)
(1911737 102.169)
(2101150 102.169)
(2199715 102.169)
(2259753 102.169)
(2550895 102.169)
(2747774 102.169)
(2779107 102.169)
(2850568 102.169)
(195076 100.144)
(362332 100.144)
(898529 100.144)
(911132 100.144)
(1192794 100.144)
(1322053 100.144)
(1361906 100.144)
(1433240 100.144)
(1440450 100.144)
(1719221 100.144)
(1942313 100.144)
(2034791 100.144)
(2064239 100.144)
(2211789 100.144)
(2362525 100.144)
(2680432 100.144)
(2904350 100.144)
(218606 98.12)
(224069 98.12)
(276603 98.12)
(364172 98.12)
(486350 98.12)
(562188 98.12)
(614775 98.12)
(824925 98.12)
(863134 98.12)
(1286229 98.12)
(1472909 98.12)
(1480942 98.12)
(1565031 98.12)
(1592912 98.12)
(1640697 98.12)
(1693615 98.12)
(1696364 98.12)
(1714731 98.12)
(1778170 98.12)
(1901073 98.12)
(2124631 98.12)
(2344108 98.12)
(2409102 98.12)
(2514175 98.12)
(2541835 98.12)
(2752000 98.12)
(2897371 98.12)
(2936514 98.12)
(175600 96.096)
(176490 96.096)
(237957 96.096)
(334203 96.096)
(411069 96.096)
(472333 96.096)
(571441 96.096)
(665360 96.096)
(711336 96.096)
(720017 96.096)
(932668 96.096)
(988239 96.096)
(1050242 96.096)
(1319424 96.096)
(1402874 96.096)
(1408079 96.096)
(1545760 96.096)
(1832209 96.096)
(1840350 96.096)
(2268666 96.096)
(2300784 96.096)
(2304033 96.096)
(2333654 96.096)
(2472076 96.096)
(2795279 96.096)
(2877562 96.096)
(2947498 96.096)
(147020 94.071)
(229145 94.071)
(323450 94.071)
(340686 94.071)
(395702 94.071)
(530513 94.071)
(592539 94.071)
(722678 94.071)
(783906 94.071)
(965001 94.071)
(994626 94.071)
(1161988 94.071)
(1313942 94.071)
(1391320 94.071)
(1426339 94.071)
(1429022 94.071)
(1496861 94.071)
(2092301 94.071)
(2113495 94.071)
(2261828 94.071)
(2337876 94.071)
(2350843 94.071)
(2365898 94.071)
(2574712 94.071)
(2672183 94.071)
(2867662 94.071)
(2950886 94.071)
(163328 92.047)
(224876 92.047)
(231133 92.047)
(331706 92.047)
(387552 92.047)
(389336 92.047)
(416213 92.047)
(460573 92.047)
(493510 92.047)
(648758 92.047)
(660952 92.047)
(1000270 92.047)
(1009546 92.047)
(1087594 92.047)
(1316534 92.047)
(1322256 92.047)
(1322682 92.047)
(1463543 92.047)
(1643618 92.047)
(1648475 92.047)
(1664350 92.047)
(1720857 92.047)
(1768956 92.047)
(1787191 92.047)
(2037685 92.047)
(2083596 92.047)
(2118265 92.047)
(2120713 92.047)
(2179097 92.047)
(2407112 92.047)
(2412589 92.047)
(2494511 92.047)
(2625924 92.047)
(2668203 92.047)
(2792945 92.047)
(271624 90.022)
(272388 90.022)
(350549 90.022)
(489770 90.022)
(805999 90.022)
(976594 90.022)
(1048184 90.022)
(1295893 90.022)
(1331220 90.022)
(1493224 90.022)
(1691700 90.022)
(1815839 90.022)
(1916198 90.022)
(1973037 90.022)
(2236896 90.022)
(2259054 90.022)
(2340996 90.022)
(2440914 90.022)
(2473429 90.022)
(2571531 90.022)
(2848341 90.022)
(2876727 90.022)
(221326 87.998)
(278104 87.998)
(283107 87.998)
(317759 87.998)
(406848 87.998)
(476730 87.998)
(485187 87.998)
(572613 87.998)
(583437 87.998)
(585830 87.998)
(608649 87.998)
(708613 87.998)
(747241 87.998)
(1019819 87.998)
(1126241 87.998)
(1132735 87.998)
(1256434 87.998)
(1391846 87.998)
(1515649 87.998)
(1603811 87.998)
(1630499 87.998)
(1656325 87.998)
(1678888 87.998)
(1692935 87.998)
(1750469 87.998)
(1769937 87.998)
(1822664 87.998)
(1834223 87.998)
(1954824 87.998)
(1971222 87.998)
(2019188 87.998)
(2103443 87.998)
(2409757 87.998)
(2414102 87.998)
(2534083 87.998)
(2537804 87.998)
(2566600 87.998)
(2570553 87.998)
(2663299 87.998)
(2816095 87.998)
(2861781 87.998)
(2868598 87.998)
(144585 85.974)
(191243 85.974)
(260887 85.974)
(286495 85.974)
(297536 85.974)
(337867 85.974)
(344292 85.974)
(492247 85.974)
(517802 85.974)
(563817 85.974)
(693185 85.974)
(705502 85.974)
(828903 85.974)
(861707 85.974)
(909221 85.974)
(1182869 85.974)
(1219459 85.974)
(1223725 85.974)
(1318448 85.974)
(1379493 85.974)
(1522107 85.974)
(1529320 85.974)
(1585757 85.974)
(1615177 85.974)
(1648416 85.974)
(1769204 85.974)
(1783282 85.974)
(1839313 85.974)
(1873222 85.974)
(1883172 85.974)
(1900480 85.974)
(1952622 85.974)
(2374957 85.974)
(2604602 85.974)
(2649640 85.974)
(2711691 85.974)
(2892101 85.974)
(2964470 85.974)
(152510 83.949)
(216959 83.949)
(496177 83.949)
(674597 83.949)
(714372 83.949)
(769754 83.949)
(833599 83.949)
(898283 83.949)
(916347 83.949)
(982932 83.949)
(1038793 83.949)
(1051003 83.949)
(1056174 83.949)
(1069879 83.949)
(1177303 83.949)
(1243365 83.949)
(1280715 83.949)
(1329015 83.949)
(1554531 83.949)
(1568020 83.949)
(1659319 83.949)
(1668882 83.949)
(1674936 83.949)
(1686764 83.949)
(1688316 83.949)
(1709498 83.949)
(1711936 83.949)
(1737394 83.949)
(1755186 83.949)
(1763704 83.949)
(1803860 83.949)
(1895994 83.949)
(2032140 83.949)
(2396750 83.949)
(2613877 83.949)
(2658092 83.949)
(2672129 83.949)
(2792489 83.949)
(194182 81.925)
(205656 81.925)
(247125 81.925)
(369899 81.925)
(378274 81.925)
(387281 81.925)
(421235 81.925)
(541999 81.925)
(552889 81.925)
(641806 81.925)
(709987 81.925)
(715164 81.925)
(724319 81.925)
(765009 81.925)
(799238 81.925)
(947584 81.925)
(1029668 81.925)
(1031161 81.925)
(1091246 81.925)
(1114041 81.925)
(1128722 81.925)
(1166477 81.925)
(1621980 81.925)
(1853548 81.925)
(1869940 81.925)
(1882731 81.925)
(1910191 81.925)
(1919019 81.925)
(1924050 81.925)
(2105775 81.925)
(2137252 81.925)
(2253252 81.925)
(2933855 81.925)
(2960025 81.925)
(161541 79.901)
(191514 79.901)
(337018 79.901)
(374793 79.901)
(420498 79.901)
(451754 79.901)
(505772 79.901)
(529528 79.901)
(714374 79.901)
(800605 79.901)
(814116 79.901)
(820244 79.901)
(835781 79.901)
(846616 79.901)
(886686 79.901)
(887695 79.901)
(916090 79.901)
(1133906 79.901)
(1146287 79.901)
(1187659 79.901)
(1198628 79.901)
(1303077 79.901)
(1429859 79.901)
(1471829 79.901)
(1545344 79.901)
(1651965 79.901)
(1654234 79.901)
(1679420 79.901)
(1800907 79.901)
(2080447 79.901)
(2095467 79.901)
(2119766 79.901)
(2389184 79.901)
(2484216 79.901)
(2520148 79.901)
(2537366 79.901)
(2582233 79.901)
(2585116 79.901)
(2590650 79.901)
(2773598 79.901)
(2861755 79.901)
(2861835 79.901)
(197170 77.876)
(267521 77.876)
(310735 77.876)
(331370 77.876)
(341294 77.876)
(363135 77.876)
(404235 77.876)
(405197 77.876)
(479885 77.876)
(509406 77.876)
(532135 77.876)
(574286 77.876)
(628492 77.876)
(663524 77.876)
(810197 77.876)
(872676 77.876)
(1063294 77.876)
(1082379 77.876)
(1187427 77.876)
(1193322 77.876)
(1317878 77.876)
(1344951 77.876)
(1612125 77.876)
(1626759 77.876)
(1733765 77.876)
(1839031 77.876)
(1854583 77.876)
(1872602 77.876)
(1949394 77.876)
(2014707 77.876)
(2070743 77.876)
(2093460 77.876)
(2203043 77.876)
(2322793 77.876)
(2556160 77.876)
(2661998 77.876)
(2664484 77.876)
(2766308 77.876)
(2834590 77.876)
(2879994 77.876)
(2946611 77.876)
(2955734 77.876)
(174391 75.852)
(228702 75.852)
(242661 75.852)
(277251 75.852)
(598696 75.852)
(655775 75.852)
(714449 75.852)
(846699 75.852)
(915043 75.852)
(929570 75.852)
(1002298 75.852)
(1010328 75.852)
(1062322 75.852)
(1184628 75.852)
(1204662 75.852)
(1250367 75.852)
(1261393 75.852)
(1483562 75.852)
(1582487 75.852)
(1595939 75.852)
(1605090 75.852)
(1730182 75.852)
(1749759 75.852)
(1753147 75.852)
(1754771 75.852)
(1767052 75.852)
(1813420 75.852)
(1893305 75.852)
(1922958 75.852)
(1923283 75.852)
(1971393 75.852)
(1995373 75.852)
(2039249 75.852)
(2065252 75.852)
(2160087 75.852)
(2175054 75.852)
(2198677 75.852)
(2258289 75.852)
(2265047 75.852)
(2276741 75.852)
(2300714 75.852)
(2312662 75.852)
(2427015 75.852)
(2529948 75.852)
(2744929 75.852)
(2881286 75.852)
(165468 73.828)
(174799 73.828)
(194232 73.828)
(206510 73.828)
(288472 73.828)
(368245 73.828)
(534890 73.828)
(619157 73.828)
(659088 73.828)
(699053 73.828)
(716777 73.828)
(746029 73.828)
(782051 73.828)
(785603 73.828)
(799723 73.828)
(862815 73.828)
(935316 73.828)
(1044125 73.828)
(1260731 73.828)
(1304876 73.828)
(1307048 73.828)
(1370848 73.828)
(1386350 73.828)
(1470980 73.828)
(1818869 73.828)
(1939936 73.828)
(1994009 73.828)
(2163773 73.828)
(2264245 73.828)
(2268614 73.828)
(2363105 73.828)
(2380793 73.828)
(2534110 73.828)
(2634483 73.828)
(2667258 73.828)
(2715059 73.828)
(2781713 73.828)
(2916826 73.828)
(2922538 73.828)
(144931 71.803)
(178527 71.803)
(188485 71.803)
(218762 71.803)
(304354 71.803)
(377131 71.803)
(561864 71.803)
(601482 71.803)
(613257 71.803)
(630296 71.803)
(808736 71.803)
(824318 71.803)
(858647 71.803)
(878960 71.803)
(985499 71.803)
(1007691 71.803)
(1034310 71.803)
(1328898 71.803)
(1341504 71.803)
(1398523 71.803)
(1422568 71.803)
(1439155 71.803)
(1497029 71.803)
(1564333 71.803)
(1626903 71.803)
(1698166 71.803)
(1759585 71.803)
(1834911 71.803)
(1839582 71.803)
(1842923 71.803)
(1865574 71.803)
(1905844 71.803)
(1973664 71.803)
(1979624 71.803)
(2044604 71.803)
(2078072 71.803)
(2111962 71.803)
(2174465 71.803)
(2191469 71.803)
(2193759 71.803)
(2304266 71.803)
(2504058 71.803)
(2557984 71.803)
(2593622 71.803)
(2872227 71.803)
(150752 69.779)
(185226 69.779)
(268250 69.779)
(302757 69.779)
(322434 69.779)
(487111 69.779)
(555308 69.779)
(635364 69.779)
(642677 69.779)
(662706 69.779)
(698153 69.779)
(703458 69.779)
(795320 69.779)
(1462172 69.779)
(1467075 69.779)
(1499974 69.779)
(1546247 69.779)
(1565667 69.779)
(1637348 69.779)
(1767995 69.779)
(1770781 69.779)
(1800440 69.779)
(2076266 69.779)
(2135183 69.779)
(2162345 69.779)
(2319586 69.779)
(2594437 69.779)
(2779933 69.779)
(2827807 69.779)
(187164 67.755)
(209001 67.755)
(339498 67.755)
(358662 67.755)
(450618 67.755)
(482993 67.755)
(484096 67.755)
(512791 67.755)
(518200 67.755)
(617766 67.755)
(637670 67.755)
(657768 67.755)
(670389 67.755)
(773361 67.755)
(834620 67.755)
(873547 67.755)
(899416 67.755)
(952053 67.755)
(1109803 67.755)
(1166927 67.755)
(1172239 67.755)
(1180533 67.755)
(1299555 67.755)
(1310167 67.755)
(1406963 67.755)
(1459539 67.755)
(1461623 67.755)
(1476038 67.755)
(1513308 67.755)
(1904556 67.755)
(2054381 67.755)
(2125959 67.755)
(2220715 67.755)
(2298895 67.755)
(2355751 67.755)
(2445656 67.755)
(2468762 67.755)
(2539211 67.755)
(2552714 67.755)
(2573155 67.755)
(2587162 67.755)
(2658329 67.755)
(2730226 67.755)
(2742743 67.755)
(2885924 67.755)
(2909456 67.755)
(190793 65.73)
(435001 65.73)
(496759 65.73)
(593478 65.73)
(740322 65.73)
(765473 65.73)
(842449 65.73)
(871172 65.73)
(940419 65.73)
(969553 65.73)
(997357 65.73)
(1055399 65.73)
(1080396 65.73)
(1092842 65.73)
(1126889 65.73)
(1222019 65.73)
(1312162 65.73)
(1361212 65.73)
(1366699 65.73)
(1435687 65.73)
(1481329 65.73)
(1587289 65.73)
(1605839 65.73)
(1624345 65.73)
(1640972 65.73)
(1663870 65.73)
(1680252 65.73)
(1760942 65.73)
(1764436 65.73)
(1766932 65.73)
(1799377 65.73)
(1831026 65.73)
(2008978 65.73)
(2047325 65.73)
(2057975 65.73)
(2143679 65.73)
(2156034 65.73)
(2182859 65.73)
(2193444 65.73)
(2365085 65.73)
(2557055 65.73)
(2564045 65.73)
(2603666 65.73)
(2648358 65.73)
(2686936 65.73)
(2702384 65.73)
(2932879 65.73)
(2935830 65.73)
(150138 63.706)
(379930 63.706)
(398222 63.706)
(411221 63.706)
(419701 63.706)
(465080 63.706)
(538143 63.706)
(588349 63.706)
(652189 63.706)
(657626 63.706)
(677837 63.706)
(712527 63.706)
(736247 63.706)
(741980 63.706)
(756819 63.706)
(766885 63.706)
(770712 63.706)
(804272 63.706)
(805512 63.706)
(856497 63.706)
(872442 63.706)
(1014293 63.706)
(1039951 63.706)
(1049694 63.706)
(1049981 63.706)
(1084504 63.706)
(1112955 63.706)
(1125124 63.706)
(1213796 63.706)
(1346952 63.706)
(1358356 63.706)
(1373203 63.706)
(1404676 63.706)
(1419447 63.706)
(1451390 63.706)
(1462873 63.706)
(1479136 63.706)
(1491763 63.706)
(1530271 63.706)
(1553876 63.706)
(1585618 63.706)
(1611671 63.706)
(1634480 63.706)
(1640659 63.706)
(1665000 63.706)
(1674806 63.706)
(1760147 63.706)
(1818228 63.706)
(1842792 63.706)
(1899687 63.706)
(2033787 63.706)
(2059409 63.706)
(2088124 63.706)
(2155094 63.706)
(2375866 63.706)
(2406399 63.706)
(2431539 63.706)
(2437618 63.706)
(2447586 63.706)
(2597516 63.706)
(2817812 63.706)
(2870551 63.706)
(2913473 63.706)
(2918861 63.706)
(2939236 63.706)
(2949219 63.706)
(185182 61.682)
(244379 61.682)
(268562 61.682)
(280734 61.682)
(321862 61.682)
(354610 61.682)
(431518 61.682)
(468951 61.682)
(495224 61.682)
(497719 61.682)
(517998 61.682)
(550590 61.682)
(757135 61.682)
(782555 61.682)
(815195 61.682)
(1008474 61.682)
(1009409 61.682)
(1045956 61.682)
(1059760 61.682)
(1111981 61.682)
(1229153 61.682)
(1234209 61.682)
(1245571 61.682)
(1332029 61.682)
(1333481 61.682)
(1383632 61.682)
(1506520 61.682)
(1537102 61.682)
(1540114 61.682)
(1566348 61.682)
(1582755 61.682)
(1602973 61.682)
(1700586 61.682)
(1734300 61.682)
(1749401 61.682)
(1768706 61.682)
(1852099 61.682)
(1853367 61.682)
(1958416 61.682)
(2087286 61.682)
(2108705 61.682)
(2145486 61.682)
(2178405 61.682)
(2304087 61.682)
(2354093 61.682)
(2369804 61.682)
(2377335 61.682)
(2494898 61.682)
(2536470 61.682)
(2576170 61.682)
(2651766 61.682)
(2709694 61.682)
(2757438 61.682)
(2791864 61.682)
(2934055 61.682)
(2953681 61.682)
(190238 59.657)
(281431 59.657)
(324607 59.657)
(377662 59.657)
(412212 59.657)
(449609 59.657)
(459290 59.657)
(512312 59.657)
(580060 59.657)
(582430 59.657)
(636785 59.657)
(671958 59.657)
(690873 59.657)
(803339 59.657)
(912865 59.657)
(987569 59.657)
(1002181 59.657)
(1064642 59.657)
(1064880 59.657)
(1106697 59.657)
(1123833 59.657)
(1149455 59.657)
(1178721 59.657)
(1189511 59.657)
(1205802 59.657)
(1243645 59.657)
(1314014 59.657)
(1355618 59.657)
(1401470 59.657)
(1423674 59.657)
(1503791 59.657)
(1518052 59.657)
(1665899 59.657)
(1685480 59.657)
(1690894 59.657)
(1738544 59.657)
(1832038 59.657)
(1847822 59.657)
(1910722 59.657)
(1954806 59.657)
(2041867 59.657)
(2083642 59.657)
(2101354 59.657)
(2127264 59.657)
(2138228 59.657)
(2204233 59.657)
(2207424 59.657)
(2254041 59.657)
(2333166 59.657)
(2366148 59.657)
(2402529 59.657)
(2581384 59.657)
(2619062 59.657)
(2758251 59.657)
(2781112 59.657)
(2812775 59.657)
(2902058 59.657)
(185800 57.633)
(197391 57.633)
(200640 57.633)
(216159 57.633)
(254960 57.633)
(403748 57.633)
(405944 57.633)
(424962 57.633)
(447098 57.633)
(451300 57.633)
(454564 57.633)
(554095 57.633)
(578862 57.633)
(597613 57.633)
(633179 57.633)
(640839 57.633)
(724632 57.633)
(742741 57.633)
(763393 57.633)
(779107 57.633)
(784810 57.633)
(789767 57.633)
(865225 57.633)
(920927 57.633)
(933074 57.633)
(943143 57.633)
(948805 57.633)
(1095695 57.633)
(1099081 57.633)
(1121769 57.633)
(1244000 57.633)
(1255234 57.633)
(1270050 57.633)
(1278211 57.633)
(1379559 57.633)
(1437907 57.633)
(1443184 57.633)
(1448326 57.633)
(1458403 57.633)
(1498534 57.633)
(1501987 57.633)
(1584094 57.633)
(1629567 57.633)
(1645046 57.633)
(1646340 57.633)
(1780558 57.633)
(1780765 57.633)
(1793377 57.633)
(1819243 57.633)
(1891250 57.633)
(1976130 57.633)
(2009786 57.633)
(2083361 57.633)
(2205544 57.633)
(2344945 57.633)
(2361880 57.633)
(2393569 57.633)
(2422435 57.633)
(2465812 57.633)
(2522622 57.633)
(2573595 57.633)
(2595236 57.633)
(2598762 57.633)
(2639685 57.633)
(2894255 57.633)
(186629 55.609)
(236557 55.609)
(283584 55.609)
(325470 55.609)
(344877 55.609)
(427500 55.609)
(429191 55.609)
(432116 55.609)
(462822 55.609)
(523495 55.609)
(557701 55.609)
(679098 55.609)
(699458 55.609)
(707767 55.609)
(748419 55.609)
(881837 55.609)
(993779 55.609)
(1037743 55.609)
(1049084 55.609)
(1061029 55.609)
(1150317 55.609)
(1159412 55.609)
(1220287 55.609)
(1281064 55.609)
(1314701 55.609)
(1320203 55.609)
(1408529 55.609)
(1467111 55.609)
(1478427 55.609)
(1534181 55.609)
(1584000 55.609)
(1638062 55.609)
(1676837 55.609)
(1731993 55.609)
(1894232 55.609)
(1898573 55.609)
(1913010 55.609)
(1956818 55.609)
(1964998 55.609)
(1968677 55.609)
(1986190 55.609)
(1988815 55.609)
(2004696 55.609)
(2143536 55.609)
(2158338 55.609)
(2195049 55.609)
(2250612 55.609)
(2302284 55.609)
(2355629 55.609)
(2455273 55.609)
(2645343 55.609)
(2653183 55.609)
(2714132 55.609)
(2759778 55.609)
(2805241 55.609)
(2807871 55.609)
(2824615 55.609)
(2860996 55.609)
(2896412 55.609)
(2912138 55.609)
(235073 53.584)
(347538 53.584)
(428942 53.584)
(459535 53.584)
(504959 53.584)
(581032 53.584)
(594135 53.584)
(637042 53.584)
(646512 53.584)
(673917 53.584)
(686139 53.584)
(693849 53.584)
(796216 53.584)
(849703 53.584)
(876394 53.584)
(909677 53.584)
(989029 53.584)
(999837 53.584)
(1028441 53.584)
(1040565 53.584)
(1056939 53.584)
(1110985 53.584)
(1164872 53.584)
(1186050 53.584)
(1252187 53.584)
(1264448 53.584)
(1308013 53.584)
(1322953 53.584)
(1436844 53.584)
(1458668 53.584)
(1494097 53.584)
(1510617 53.584)
(1581933 53.584)
(1613854 53.584)
(1618192 53.584)
(1680432 53.584)
(1712963 53.584)
(1731468 53.584)
(1766461 53.584)
(1821433 53.584)
(1845636 53.584)
(1859768 53.584)
(1880689 53.584)
(1955352 53.584)
(2010548 53.584)
(2070968 53.584)
(2147735 53.584)
(2182095 53.584)
(2311419 53.584)
(2432534 53.584)
(2564492 53.584)
(2579422 53.584)
(2586703 53.584)
(2627277 53.584)
(2637703 53.584)
(2667547 53.584)
(2699597 53.584)
(2708578 53.584)
(2758287 53.584)
(2788643 53.584)
(2807264 53.584)
(2852932 53.584)
(2937953 53.584)
(275231 51.56)
(384731 51.56)
(397183 51.56)
(424691 51.56)
(451860 51.56)
(459700 51.56)
(527885 51.56)
(595965 51.56)
(610956 51.56)
(614384 51.56)
(682043 51.56)
(708064 51.56)
(718654 51.56)
(896619 51.56)
(1018771 51.56)
(1038233 51.56)
(1060700 51.56)
(1158451 51.56)
(1193060 51.56)
(1236285 51.56)
(1289088 51.56)
(1313746 51.56)
(1353811 51.56)
(1368220 51.56)
(1383415 51.56)
(1399833 51.56)
(1415952 51.56)
(1453730 51.56)
(1463334 51.56)
(1567231 51.56)
(1573992 51.56)
(1754708 51.56)
(1762904 51.56)
(1935285 51.56)
(1953205 51.56)
(1965279 51.56)
(1977540 51.56)
(1980086 51.56)
(2042197 51.56)
(2239701 51.56)
(2279061 51.56)
(2347208 51.56)
(2383295 51.56)
(2408077 51.56)
(2410627 51.56)
(2431119 51.56)
(2441719 51.56)
(2519479 51.56)
(2524821 51.56)
(2540169 51.56)
(2604152 51.56)
(2612126 51.56)
(2666666 51.56)
(2698644 51.56)
(2724667 51.56)
(2731017 51.56)
(2785640 51.56)
(2837884 51.56)
(2838728 51.56)
(2845828 51.56)
(2946194 51.56)
(167112 49.535)
(258206 49.535)
(264441 49.535)
(303978 49.535)
(313821 49.535)
(427568 49.535)
(443517 49.535)
(523845 49.535)
(568875 49.535)
(618661 49.535)
(645460 49.535)
(667268 49.535)
(669228 49.535)
(762508 49.535)
(821189 49.535)
(823534 49.535)
(919589 49.535)
(968649 49.535)
(1028330 49.535)
(1045120 49.535)
(1053467 49.535)
(1076157 49.535)
(1200223 49.535)
(1263144 49.535)
(1333316 49.535)
(1445609 49.535)
(1455272 49.535)
(1517307 49.535)
(1597651 49.535)
(1634960 49.535)
(1640699 49.535)
(1692512 49.535)
(1706964 49.535)
(1752724 49.535)
(1754062 49.535)
(1776214 49.535)
(1823130 49.535)
(1867652 49.535)
(1918309 49.535)
(1979590 49.535)
(1999684 49.535)
(2213342 49.535)
(2235312 49.535)
(2262637 49.535)
(2271345 49.535)
(2279234 49.535)
(2279989 49.535)
(2305765 49.535)
(2385195 49.535)
(2398521 49.535)
(2423934 49.535)
(2523521 49.535)
(2525650 49.535)
(2545054 49.535)
(2567610 49.535)
(2588782 49.535)
(2644916 49.535)
(2725433 49.535)
(2766518 49.535)
(2771463 49.535)
(2812364 49.535)
(2840984 49.535)
(2862443 49.535)
(2890525 49.535)
(2904743 49.535)
(2941443 49.535)
(147440 47.511)
(170762 47.511)
(188052 47.511)
(234144 47.511)
(319191 47.511)
(358479 47.511)
(399913 47.511)
(440058 47.511)
(582799 47.511)
(636233 47.511)
(763288 47.511)
(874728 47.511)
(914136 47.511)
(925030 47.511)
(925665 47.511)
(931734 47.511)
(1001785 47.511)
(1122460 47.511)
(1174307 47.511)
(1186923 47.511)
(1207360 47.511)
(1230116 47.511)
(1327434 47.511)
(1359622 47.511)
(1425193 47.511)
(1446885 47.511)
(1449671 47.511)
(1482652 47.511)
(1519172 47.511)
(1562007 47.511)
(1581452 47.511)
(1589928 47.511)
(1758131 47.511)
(1912383 47.511)
(1917842 47.511)
(1983744 47.511)
(2077141 47.511)
(2086426 47.511)
(2125981 47.511)
(2153251 47.511)
(2172493 47.511)
(2263613 47.511)
(2292484 47.511)
(2294030 47.511)
(2294064 47.511)
(2360603 47.511)
(2373157 47.511)
(2506903 47.511)
(2533108 47.511)
(2539720 47.511)
(2549740 47.511)
(2599464 47.511)
(2642307 47.511)
(2751662 47.511)
(2759059 47.511)
(2789528 47.511)
(2799298 47.511)
(2810718 47.511)
(2828385 47.511)
(2871469 47.511)
(2956720 47.511)
(2960940 47.511)
(262756 45.487)
(297978 45.487)
(301159 45.487)
(301960 45.487)
(321100 45.487)
(342311 45.487)
(380900 45.487)
(427952 45.487)
(448821 45.487)
(480832 45.487)
(527130 45.487)
(548667 45.487)
(625370 45.487)
(638571 45.487)
(650770 45.487)
(673166 45.487)
(719650 45.487)
(728275 45.487)
(772587 45.487)
(824029 45.487)
(826672 45.487)
(828847 45.487)
(851692 45.487)
(852204 45.487)
(912273 45.487)
(1011749 45.487)
(1015917 45.487)
(1037331 45.487)
(1059841 45.487)
(1069416 45.487)
(1099646 45.487)
(1154504 45.487)
(1177997 45.487)
(1214779 45.487)
(1253724 45.487)
(1282851 45.487)
(1283795 45.487)
(1299190 45.487)
(1321818 45.487)
(1345080 45.487)
(1384766 45.487)
(1422667 45.487)
(1465594 45.487)
(1524987 45.487)
(1549314 45.487)
(1573248 45.487)
(1594514 45.487)
(1649107 45.487)
(1685669 45.487)
(1836461 45.487)
(1859977 45.487)
(1943496 45.487)
(1957774 45.487)
(1967775 45.487)
(2023661 45.487)
(2029824 45.487)
(2044810 45.487)
(2065635 45.487)
(2066274 45.487)
(2071488 45.487)
(2211192 45.487)
(2338852 45.487)
(2466737 45.487)
(2512443 45.487)
(2548337 45.487)
(2582826 45.487)
(2583485 45.487)
(2597112 45.487)
(2657161 45.487)
(2706891 45.487)
(2715916 45.487)
(2793818 45.487)
(2811924 45.487)
(2852206 45.487)
(2885039 45.487)
(2894542 45.487)
(171284 43.462)
(335248 43.462)
(466603 43.462)
(471376 43.462)
(499679 43.462)
(555063 43.462)
(561264 43.462)
(595269 43.462)
(658706 43.462)
(668177 43.462)
(752471 43.462)
(781628 43.462)
(844580 43.462)
(929861 43.462)
(950224 43.462)
(952836 43.462)
(987536 43.462)
(1012189 43.462)
(1149636 43.462)
(1192948 43.462)
(1224275 43.462)
(1303617 43.462)
(1312996 43.462)
(1390827 43.462)
(1499752 43.462)
(1556661 43.462)
(1574548 43.462)
(1577074 43.462)
(1667419 43.462)
(1679360 43.462)
(1711225 43.462)
(1740815 43.462)
(1812370 43.462)
(1872036 43.462)
(1924967 43.462)
(1925179 43.462)
(1940267 43.462)
(1947410 43.462)
(1952854 43.462)
(2011987 43.462)
(2012840 43.462)
(2019803 43.462)
(2027980 43.462)
(2198972 43.462)
(2260466 43.462)
(2281956 43.462)
(2285348 43.462)
(2410432 43.462)
(2417217 43.462)
(2417674 43.462)
(2460689 43.462)
(2494122 43.462)
(2535060 43.462)
(2541502 43.462)
(2544765 43.462)
(2643725 43.462)
(2709362 43.462)
(2764812 43.462)
(2798207 43.462)
(2859490 43.462)
(2875297 43.462)
(2879092 43.462)
(2887241 43.462)
(2929563 43.462)
(2945782 43.462)
(145417 41.438)
(151551 41.438)
(177394 41.438)
(187984 41.438)
(199457 41.438)
(278878 41.438)
(315655 41.438)
(389631 41.438)
(405258 41.438)
(494731 41.438)
(542348 41.438)
(567142 41.438)
(633243 41.438)
(681455 41.438)
(779946 41.438)
(796978 41.438)
(818210 41.438)
(848251 41.438)
(885960 41.438)
(937638 41.438)
(949187 41.438)
(964922 41.438)
(985087 41.438)
(1007290 41.438)
(1027436 41.438)
(1030312 41.438)
(1032906 41.438)
(1035288 41.438)
(1125699 41.438)
(1135080 41.438)
(1144308 41.438)
(1164098 41.438)
(1171513 41.438)
(1178371 41.438)
(1205016 41.438)
(1287390 41.438)
(1330312 41.438)
(1440124 41.438)
(1460606 41.438)
(1481998 41.438)
(1501053 41.438)
(1531631 41.438)
(1651169 41.438)
(1689782 41.438)
(1720525 41.438)
(1750612 41.438)
(1756163 41.438)
(1769671 41.438)
(1851598 41.438)
(1883531 41.438)
(1981289 41.438)
(2055795 41.438)
(2070461 41.438)
(2109550 41.438)
(2168553 41.438)
(2210199 41.438)
(2224658 41.438)
(2303762 41.438)
(2363191 41.438)
(2505322 41.438)
(2534425 41.438)
(2572171 41.438)
(2578545 41.438)
(2583625 41.438)
(2592943 41.438)
(2733254 41.438)
(2749139 41.438)
(2772670 41.438)
(2900682 41.438)
(2920428 41.438)
(173235 39.414)
(248794 39.414)
(299080 39.414)
(330238 39.414)
(376881 39.414)
(391450 39.414)
(464158 39.414)
(499042 39.414)
(540342 39.414)
(558784 39.414)
(564488 39.414)
(691861 39.414)
(706929 39.414)
(721403 39.414)
(735675 39.414)
(737598 39.414)
(782079 39.414)
(800975 39.414)
(857115 39.414)
(884737 39.414)
(952643 39.414)
(986324 39.414)
(1028170 39.414)
(1107693 39.414)
(1166222 39.414)
(1175875 39.414)
(1225471 39.414)
(1366101 39.414)
(1384407 39.414)
(1487216 39.414)
(1489325 39.414)
(1516843 39.414)
(1556504 39.414)
(1638869 39.414)
(1677896 39.414)
(1776280 39.414)
(1788074 39.414)
(1807257 39.414)
(1808470 39.414)
(1855564 39.414)
(1864792 39.414)
(1950240 39.414)
(1955988 39.414)
(1962680 39.414)
(2058499 39.414)
(2096293 39.414)
(2118153 39.414)
(2128766 39.414)
(2170597 39.414)
(2179263 39.414)
(2327117 39.414)
(2329558 39.414)
(2343038 39.414)
(2416382 39.414)
(2434104 39.414)
(2448990 39.414)
(2488571 39.414)
(2532470 39.414)
(2673488 39.414)
(2681264 39.414)
(2692985 39.414)
(2726778 39.414)
(2754223 39.414)
(2813119 39.414)
(196197 37.389)
(298830 37.389)
(300980 37.389)
(319514 37.389)
(413010 37.389)
(423236 37.389)
(437435 37.389)
(478490 37.389)
(479018 37.389)
(528120 37.389)
(550229 37.389)
(626764 37.389)
(714976 37.389)
(753871 37.389)
(759314 37.389)
(808681 37.389)
(811614 37.389)
(927817 37.389)
(1009845 37.389)
(1173459 37.389)
(1182386 37.389)
(1235577 37.389)
(1275627 37.389)
(1290146 37.389)
(1318793 37.389)
(1348294 37.389)
(1404585 37.389)
(1513452 37.389)
(1528722 37.389)
(1674335 37.389)
(1726201 37.389)
(1726756 37.389)
(1772024 37.389)
(1825667 37.389)
(1831674 37.389)
(1840180 37.389)
(1844408 37.389)
(1854157 37.389)
(1884484 37.389)
(1894639 37.389)
(1967750 37.389)
(1983338 37.389)
(1991804 37.389)
(1999720 37.389)
(2031136 37.389)
(2098918 37.389)
(2118219 37.389)
(2159129 37.389)
(2216229 37.389)
(2223379 37.389)
(2270513 37.389)
(2339359 37.389)
(2361420 37.389)
(2464793 37.389)
(2539585 37.389)
(2548996 37.389)
(2636291 37.389)
(2641483 37.389)
(2714478 37.389)
(2769473 37.389)
(2875947 37.389)
(2881970 37.389)
(2907297 37.389)
(217822 35.365)
(231418 35.365)
(245079 35.365)
(289886 35.365)
(312893 35.365)
(321674 35.365)
(331636 35.365)
(388461 35.365)
(427691 35.365)
(438188 35.365)
(458067 35.365)
(463324 35.365)
(465622 35.365)
(497011 35.365)
(532982 35.365)
(576743 35.365)
(596740 35.365)
(597314 35.365)
(619977 35.365)
(686720 35.365)
(723450 35.365)
(753788 35.365)
(859692 35.365)
(935771 35.365)
(979046 35.365)
(998947 35.365)
(1047613 35.365)
(1062440 35.365)
(1119245 35.365)
(1132917 35.365)
(1137257 35.365)
(1164757 35.365)
(1217094 35.365)
(1220393 35.365)
(1334728 35.365)
(1353371 35.365)
(1433766 35.365)
(1454374 35.365)
(1496586 35.365)
(1507833 35.365)
(1607429 35.365)
(1672802 35.365)
(1693454 35.365)
(1745932 35.365)
(1753090 35.365)
(1824914 35.365)
(1931380 35.365)
(1952073 35.365)
(1956527 35.365)
(2046717 35.365)
(2117653 35.365)
(2122305 35.365)
(2174236 35.365)
(2184409 35.365)
(2185654 35.365)
(2192234 35.365)
(2293670 35.365)
(2322324 35.365)
(2336302 35.365)
(2448969 35.365)
(2472673 35.365)
(2566679 35.365)
(2590191 35.365)
(2694393 35.365)
(2724643 35.365)
(2735011 35.365)
(2775831 35.365)
(2816877 35.365)
(2843310 35.365)
(2854027 35.365)
(2954118 35.365)
(158794 33.341)
(254493 33.341)
(259136 33.341)
(274182 33.341)
(374312 33.341)
(390461 33.341)
(542159 33.341)
(550800 33.341)
(577053 33.341)
(610935 33.341)
(675714 33.341)
(704861 33.341)
(741141 33.341)
(762257 33.341)
(766630 33.341)
(794456 33.341)
(814851 33.341)
(841543 33.341)
(885333 33.341)
(981993 33.341)
(1000739 33.341)
(1066244 33.341)
(1074283 33.341)
(1083818 33.341)
(1091440 33.341)
(1098399 33.341)
(1099530 33.341)
(1113599 33.341)
(1115837 33.341)
(1132884 33.341)
(1136365 33.341)
(1152022 33.341)
(1158313 33.341)
(1183835 33.341)
(1210991 33.341)
(1216285 33.341)
(1227811 33.341)
(1296364 33.341)
(1303068 33.341)
(1329801 33.341)
(1343019 33.341)
(1415190 33.341)
(1476974 33.341)
(1533166 33.341)
(1543845 33.341)
(1606923 33.341)
(1609392 33.341)
(1706040 33.341)
(1798888 33.341)
(1838175 33.341)
(1846864 33.341)
(1881176 33.341)
(1937688 33.341)
(1939556 33.341)
(1944337 33.341)
(1966903 33.341)
(1991314 33.341)
(2027882 33.341)
(2032064 33.341)
(2057531 33.341)
(2074214 33.341)
(2075370 33.341)
(2116942 33.341)
(2266220 33.341)
(2299144 33.341)
(2307629 33.341)
(2318669 33.341)
(2430068 33.341)
(2440064 33.341)
(2484937 33.341)
(2525612 33.341)
(2612706 33.341)
(2643283 33.341)
(2668131 33.341)
(2675545 33.341)
(2686855 33.341)
(2743996 33.341)
(2775456 33.341)
(2806136 33.341)
(2902365 33.341)
(195613 31.316)
(209668 31.316)
(222467 31.316)
(279547 31.316)
(315240 31.316)
(334588 31.316)
(337074 31.316)
(341450 31.316)
(347112 31.316)
(353211 31.316)
(427227 31.316)
(434013 31.316)
(444246 31.316)
(481258 31.316)
(596043 31.316)
(599434 31.316)
(600102 31.316)
(607186 31.316)
(636562 31.316)
(688581 31.316)
(699225 31.316)
(790784 31.316)
(798972 31.316)
(887454 31.316)
(896665 31.316)
(933691 31.316)
(967675 31.316)
(970010 31.316)
(1003622 31.316)
(1019581 31.316)
(1072201 31.316)
(1082745 31.316)
(1088129 31.316)
(1095183 31.316)
(1096145 31.316)
(1244364 31.316)
(1251383 31.316)
(1257763 31.316)
(1257871 31.316)
(1276802 31.316)
(1288868 31.316)
(1327789 31.316)
(1345027 31.316)
(1353012 31.316)
(1382903 31.316)
(1428087 31.316)
(1431264 31.316)
(1463604 31.316)
(1480010 31.316)
(1486261 31.316)
(1494967 31.316)
(1504330 31.316)
(1527946 31.316)
(1531410 31.316)
(1574534 31.316)
(1609517 31.316)
(1612907 31.316)
(1620576 31.316)
(1621234 31.316)
(1641889 31.316)
(1662059 31.316)
(1695878 31.316)
(1704630 31.316)
(1793868 31.316)
(1822358 31.316)
(1842150 31.316)
(2044701 31.316)
(2087473 31.316)
(2109871 31.316)
(2165370 31.316)
(2184285 31.316)
(2186524 31.316)
(2187141 31.316)
(2204947 31.316)
(2230057 31.316)
(2238169 31.316)
(2275989 31.316)
(2288137 31.316)
(2446306 31.316)
(2451150 31.316)
(2454397 31.316)
(2456857 31.316)
(2526108 31.316)
(2555454 31.316)
(2560917 31.316)
(2598896 31.316)
(2616173 31.316)
(2687880 31.316)
(2697691 31.316)
(2735546 31.316)
(2747024 31.316)
(2776206 31.316)
(2812405 31.316)
(2832093 31.316)
(2844327 31.316)
(2851363 31.316)
(2861889 31.316)
(2867464 31.316)
(2887021 31.316)
(2928750 31.316)
(2930542 31.316)
(221704 29.292)
(229056 29.292)
(273492 29.292)
(382292 29.292)
(423908 29.292)
(500622 29.292)
(549867 29.292)
(631251 29.292)
(713790 29.292)
(809891 29.292)
(815826 29.292)
(853894 29.292)
(912462 29.292)
(994031 29.292)
(996851 29.292)
(1034372 29.292)
(1115223 29.292)
(1129875 29.292)
(1169621 29.292)
(1195998 29.292)
(1196239 29.292)
(1213752 29.292)
(1216038 29.292)
(1236359 29.292)
(1239016 29.292)
(1356952 29.292)
(1357639 29.292)
(1381957 29.292)
(1425607 29.292)
(1445376 29.292)
(1479699 29.292)
(1547178 29.292)
(1596783 29.292)
(1602384 29.292)
(1610801 29.292)
(1650899 29.292)
(1667930 29.292)
(1733365 29.292)
(1773535 29.292)
(1774617 29.292)
(1936497 29.292)
(1961311 29.292)
(1970694 29.292)
(2005822 29.292)
(2082667 29.292)
(2094768 29.292)
(2149337 29.292)
(2173369 29.292)
(2208186 29.292)
(2233134 29.292)
(2286272 29.292)
(2295819 29.292)
(2300991 29.292)
(2309796 29.292)
(2329479 29.292)
(2385156 29.292)
(2427891 29.292)
(2453339 29.292)
(2480376 29.292)
(2506884 29.292)
(2550438 29.292)
(2637067 29.292)
(2654931 29.292)
(2661735 29.292)
(2708833 29.292)
(2762448 29.292)
(2774999 29.292)
(2832407 29.292)
(2843943 29.292)
(2912410 29.292)
(195406 27.268)
(305515 27.268)
(314633 27.268)
(320279 27.268)
(355881 27.268)
(430096 27.268)
(487852 27.268)
(507732 27.268)
(529055 27.268)
(536592 27.268)
(612956 27.268)
(623373 27.268)
(720677 27.268)
(861613 27.268)
(871903 27.268)
(924088 27.268)
(987052 27.268)
(987743 27.268)
(990533 27.268)
(992169 27.268)
(1025572 27.268)
(1030910 27.268)
(1141067 27.268)
(1145592 27.268)
(1170357 27.268)
(1176605 27.268)
(1192323 27.268)
(1263582 27.268)
(1264019 27.268)
(1302147 27.268)
(1363362 27.268)
(1374373 27.268)
(1376921 27.268)
(1397874 27.268)
(1406191 27.268)
(1417294 27.268)
(1434889 27.268)
(1475816 27.268)
(1523096 27.268)
(1542667 27.268)
(1550998 27.268)
(1600987 27.268)
(1604219 27.268)
(1661761 27.268)
(1681706 27.268)
(1684589 27.268)
(1685489 27.268)
(1710208 27.268)
(1729496 27.268)
(1748585 27.268)
(1776178 27.268)
(1790121 27.268)
(1801547 27.268)
(1815068 27.268)
(1836919 27.268)
(1846399 27.268)
(1848727 27.268)
(1854170 27.268)
(1875147 27.268)
(1892264 27.268)
(1972825 27.268)
(1996076 27.268)
(2075137 27.268)
(2157942 27.268)
(2159181 27.268)
(2248191 27.268)
(2285376 27.268)
(2292972 27.268)
(2330296 27.268)
(2334268 27.268)
(2405283 27.268)
(2418158 27.268)
(2459885 27.268)
(2471225 27.268)
(2509670 27.268)
(2555342 27.268)
(2561746 27.268)
(2591734 27.268)
(2639042 27.268)
(2646149 27.268)
(2726376 27.268)
(2843850 27.268)
(2851639 27.268)
(181737 25.243)
(189303 25.243)
(226278 25.243)
(311245 25.243)
(322704 25.243)
(326908 25.243)
(375444 25.243)
(385214 25.243)
(424703 25.243)
(453349 25.243)
(501426 25.243)
(508624 25.243)
(534612 25.243)
(577057 25.243)
(637032 25.243)
(639383 25.243)
(655967 25.243)
(665175 25.243)
(683251 25.243)
(684027 25.243)
(734229 25.243)
(805353 25.243)
(821100 25.243)
(838074 25.243)
(845730 25.243)
(860350 25.243)
(865585 25.243)
(916623 25.243)
(923165 25.243)
(925104 25.243)
(928269 25.243)
(1007343 25.243)
(1008562 25.243)
(1140255 25.243)
(1194539 25.243)
(1211263 25.243)
(1219754 25.243)
(1247578 25.243)
(1285191 25.243)
(1304627 25.243)
(1325194 25.243)
(1334632 25.243)
(1412589 25.243)
(1416608 25.243)
(1461091 25.243)
(1538250 25.243)
(1556013 25.243)
(1632303 25.243)
(1642595 25.243)
(1684099 25.243)
(1780063 25.243)
(1783600 25.243)
(1806296 25.243)
(1816796 25.243)
(1890107 25.243)
(1918620 25.243)
(1918815 25.243)
(1976612 25.243)
(1982031 25.243)
(2069605 25.243)
(2107118 25.243)
(2108949 25.243)
(2131297 25.243)
(2166320 25.243)
(2195317 25.243)
(2255218 25.243)
(2283645 25.243)
(2295738 25.243)
(2321411 25.243)
(2399913 25.243)
(2432860 25.243)
(2468077 25.243)
(2644369 25.243)
(2719094 25.243)
(2721516 25.243)
(2732591 25.243)
(2748578 25.243)
(2811715 25.243)
(2818477 25.243)
(2889131 25.243)
(2918587 25.243)
(2919441 25.243)
(2960913 25.243)
(246463 23.219)
(272842 23.219)
(296430 23.219)
(329769 23.219)
(350977 23.219)
(401333 23.219)
(433035 23.219)
(446156 23.219)
(455295 23.219)
(475271 23.219)
(504109 23.219)
(571931 23.219)
(662537 23.219)
(682871 23.219)
(730604 23.219)
(743728 23.219)
(747846 23.219)
(780380 23.219)
(809343 23.219)
(818635 23.219)
(837232 23.219)
(858828 23.219)
(888278 23.219)
(1120148 23.219)
(1152774 23.219)
(1160073 23.219)
(1241917 23.219)
(1245038 23.219)
(1252971 23.219)
(1266469 23.219)
(1274052 23.219)
(1277141 23.219)
(1296975 23.219)
(1399602 23.219)
(1432504 23.219)
(1505709 23.219)
(1514308 23.219)
(1541730 23.219)
(1571446 23.219)
(1591403 23.219)
(1592766 23.219)
(1610867 23.219)
(1701960 23.219)
(1718885 23.219)
(1746967 23.219)
(1777669 23.219)
(1814462 23.219)
(1833819 23.219)
(1880294 23.219)
(1897655 23.219)
(1987884 23.219)
(2004088 23.219)
(2045492 23.219)
(2048938 23.219)
(2114572 23.219)
(2117864 23.219)
(2150854 23.219)
(2292386 23.219)
(2324647 23.219)
(2437099 23.219)
(2478626 23.219)
(2496623 23.219)
(2500749 23.219)
(2566975 23.219)
(2595491 23.219)
(2618083 23.219)
(2630407 23.219)
(2673990 23.219)
(2677196 23.219)
(2703625 23.219)
(2732613 23.219)
(2734181 23.219)
(2758095 23.219)
(2842792 23.219)
(2872204 23.219)
(2874354 23.219)
(2886456 23.219)
(2919188 23.219)
(2919357 23.219)
(2960969 23.219)
(265428 21.195)
(299987 21.195)
(364862 21.195)
(386314 21.195)
(445546 21.195)
(467817 21.195)
(468020 21.195)
(624407 21.195)
(669328 21.195)
(698130 21.195)
(715049 21.195)
(740418 21.195)
(751867 21.195)
(793525 21.195)
(806919 21.195)
(832622 21.195)
(854404 21.195)
(875667 21.195)
(879997 21.195)
(966875 21.195)
(1101413 21.195)
(1113191 21.195)
(1242074 21.195)
(1247623 21.195)
(1300112 21.195)
(1363948 21.195)
(1367424 21.195)
(1373610 21.195)
(1432370 21.195)
(1522959 21.195)
(1557820 21.195)
(1570102 21.195)
(1578743 21.195)
(1671818 21.195)
(1675253 21.195)
(1767713 21.195)
(1887590 21.195)
(1895348 21.195)
(1911384 21.195)
(1940255 21.195)
(2015822 21.195)
(2056551 21.195)
(2061736 21.195)
(2076492 21.195)
(2113404 21.195)
(2162871 21.195)
(2194625 21.195)
(2214689 21.195)
(2229148 21.195)
(2288337 21.195)
(2314460 21.195)
(2353185 21.195)
(2385710 21.195)
(2446380 21.195)
(2496221 21.195)
(2576388 21.195)
(2589683 21.195)
(2596674 21.195)
(2665504 21.195)
(2720289 21.195)
(2728150 21.195)
(2732280 21.195)
(2736018 21.195)
(2755189 21.195)
(2761274 21.195)
(2768637 21.195)
(2770385 21.195)
(2806944 21.195)
(2820594 21.195)
(2826127 21.195)
(2833955 21.195)
(2914995 21.195)
(2956453 21.195)
(203040 19.17)
(219319 19.17)
(220435 19.17)
(231716 19.17)
(237589 19.17)
(242782 19.17)
(382531 19.17)
(396259 19.17)
(406895 19.17)
(407323 19.17)
(437449 19.17)
(484069 19.17)
(516963 19.17)
(559634 19.17)
(606223 19.17)
(731839 19.17)
(785354 19.17)
(786827 19.17)
(855322 19.17)
(908394 19.17)
(920132 19.17)
(931139 19.17)
(932347 19.17)
(961819 19.17)
(965325 19.17)
(989581 19.17)
(1001783 19.17)
(1043198 19.17)
(1069265 19.17)
(1085150 19.17)
(1117289 19.17)
(1163310 19.17)
(1231549 19.17)
(1308832 19.17)
(1384226 19.17)
(1385426 19.17)
(1450450 19.17)
(1492185 19.17)
(1505457 19.17)
(1540425 19.17)
(1548554 19.17)
(1571668 19.17)
(1600051 19.17)
(1607852 19.17)
(1614043 19.17)
(1647187 19.17)
(1673815 19.17)
(1782041 19.17)
(1835732 19.17)
(1928796 19.17)
(1950621 19.17)
(2029039 19.17)
(2049439 19.17)
(2115021 19.17)
(2146328 19.17)
(2180197 19.17)
(2196262 19.17)
(2210425 19.17)
(2273798 19.17)
(2328586 19.17)
(2364723 19.17)
(2393071 19.17)
(2424870 19.17)
(2436969 19.17)
(2499759 19.17)
(2502603 19.17)
(2548361 19.17)
(2621527 19.17)
(2725259 19.17)
(2780710 19.17)
(2846069 19.17)
(2850190 19.17)
(2864831 19.17)
(2878135 19.17)
(2888816 19.17)
(2931251 19.17)
(2938609 19.17)
(157448 17.146)
(168012 17.146)
(194128 17.146)
(213422 17.146)
(220185 17.146)
(254238 17.146)
(269950 17.146)
(295362 17.146)
(295745 17.146)
(305049 17.146)
(483742 17.146)
(485462 17.146)
(556224 17.146)
(676280 17.146)
(704588 17.146)
(728996 17.146)
(750005 17.146)
(873299 17.146)
(907548 17.146)
(1020585 17.146)
(1188713 17.146)
(1287125 17.146)
(1310462 17.146)
(1323121 17.146)
(1352656 17.146)
(1370008 17.146)
(1387904 17.146)
(1421726 17.146)
(1424883 17.146)
(1447358 17.146)
(1529884 17.146)
(1590962 17.146)
(1610980 17.146)
(1625843 17.146)
(1628426 17.146)
(1712415 17.146)
(1716120 17.146)
(1736145 17.146)
(1786364 17.146)
(1821110 17.146)
(1824330 17.146)
(1845435 17.146)
(1912012 17.146)
(1959063 17.146)
(2018882 17.146)
(2027145 17.146)
(2028346 17.146)
(2102573 17.146)
(2115784 17.146)
(2131449 17.146)
(2151449 17.146)
(2273951 17.146)
(2372553 17.146)
(2390187 17.146)
(2569978 17.146)
(2615236 17.146)
(2631147 17.146)
(2652637 17.146)
(2654735 17.146)
(2661203 17.146)
(2662296 17.146)
(2683223 17.146)
(2696136 17.146)
(2722274 17.146)
(2736849 17.146)
(2835159 17.146)
(2837350 17.146)
(2937389 17.146)
(237896 15.121)
(335811 15.121)
(368421 15.121)
(375996 15.121)
(442500 15.121)
(471560 15.121)
(529029 15.121)
(534813 15.121)
(535046 15.121)
(580227 15.121)
(607037 15.121)
(620288 15.121)
(646029 15.121)
(664558 15.121)
(696699 15.121)
(739541 15.121)
(797218 15.121)
(799258 15.121)
(800996 15.121)
(893017 15.121)
(951810 15.121)
(957927 15.121)
(979016 15.121)
(1231865 15.121)
(1256956 15.121)
(1266176 15.121)
(1328587 15.121)
(1364866 15.121)
(1394843 15.121)
(1400746 15.121)
(1476825 15.121)
(1488836 15.121)
(1568818 15.121)
(1598962 15.121)
(1683211 15.121)
(1715008 15.121)
(1756956 15.121)
(1770993 15.121)
(1811245 15.121)
(1841429 15.121)
(1860332 15.121)
(1867069 15.121)
(1888451 15.121)
(2105217 15.121)
(2107392 15.121)
(2161642 15.121)
(2216575 15.121)
(2265354 15.121)
(2279954 15.121)
(2303880 15.121)
(2313466 15.121)
(2315179 15.121)
(2359162 15.121)
(2476462 15.121)
(2502074 15.121)
(2577018 15.121)
(2579463 15.121)
(2592307 15.121)
(2726766 15.121)
(2790441 15.121)
(2805306 15.121)
(2820992 15.121)
(2854917 15.121)
(2863863 15.121)
(2959777 15.121)
(269371 13.097)
(282220 13.097)
(461413 13.097)
(515521 13.097)
(535857 13.097)
(569424 13.097)
(590893 13.097)
(617013 13.097)
(715193 13.097)
(838983 13.097)
(852319 13.097)
(880935 13.097)
(917461 13.097)
(918397 13.097)
(1003076 13.097)
(1054067 13.097)
(1057930 13.097)
(1079034 13.097)
(1081213 13.097)
(1143588 13.097)
(1171343 13.097)
(1207456 13.097)
(1223581 13.097)
(1224461 13.097)
(1242444 13.097)
(1347799 13.097)
(1350479 13.097)
(1352528 13.097)
(1377551 13.097)
(1391906 13.097)
(1396878 13.097)
(1448560 13.097)
(1450102 13.097)
(1485317 13.097)
(1522885 13.097)
(1528876 13.097)
(1580655 13.097)
(1689615 13.097)
(1693091 13.097)
(1699509 13.097)
(1734206 13.097)
(1785451 13.097)
(1792505 13.097)
(1800249 13.097)
(1844025 13.097)
(1849707 13.097)
(1869517 13.097)
(1915220 13.097)
(1978905 13.097)
(2063849 13.097)
(2090774 13.097)
(2111812 13.097)
(2123850 13.097)
(2145316 13.097)
(2297075 13.097)
(2385167 13.097)
(2415876 13.097)
(2460736 13.097)
(2464257 13.097)
(2475133 13.097)
(2488734 13.097)
(2503184 13.097)
(2508510 13.097)
(2622144 13.097)
(2708732 13.097)
(2710989 13.097)
(2821466 13.097)
(2822000 13.097)
(2865104 13.097)
(2865991 13.097)
(2872180 13.097)
(159395 11.073)
(213089 11.073)
(245795 11.073)
(247960 11.073)
(294486 11.073)
(363702 11.073)
(401725 11.073)
(565571 11.073)
(567599 11.073)
(578153 11.073)
(609338 11.073)
(613085 11.073)
(709521 11.073)
(757774 11.073)
(841044 11.073)
(883916 11.073)
(884330 11.073)
(913142 11.073)
(944766 11.073)
(995232 11.073)
(1044722 11.073)
(1111873 11.073)
(1154854 11.073)
(1155639 11.073)
(1164793 11.073)
(1194697 11.073)
(1196314 11.073)
(1276001 11.073)
(1388246 11.073)
(1452674 11.073)
(1459683 11.073)
(1635675 11.073)
(1733906 11.073)
(1754732 11.073)
(1757760 11.073)
(1781081 11.073)
(1797448 11.073)
(1829992 11.073)
(1879504 11.073)
(1896920 11.073)
(1909065 11.073)
(1913825 11.073)
(1932569 11.073)
(1986895 11.073)
(1996785 11.073)
(2023981 11.073)
(2048786 11.073)
(2066755 11.073)
(2079032 11.073)
(2089475 11.073)
(2148058 11.073)
(2170798 11.073)
(2201631 11.073)
(2221349 11.073)
(2287853 11.073)
(2295650 11.073)
(2366355 11.073)
(2367436 11.073)
(2388385 11.073)
(2411704 11.073)
(2424516 11.073)
(2439344 11.073)
(2440850 11.073)
(2451516 11.073)
(2466048 11.073)
(2481108 11.073)
(2507748 11.073)
(2519726 11.073)
(2530612 11.073)
(2578790 11.073)
(2605640 11.073)
(2624292 11.073)
(2695159 11.073)
(2696735 11.073)
(2703088 11.073)
(2707029 11.073)
(2738558 11.073)
(2765628 11.073)
(2825407 11.073)
(2827079 11.073)
(2842317 11.073)
(2856766 11.073)
(2892306 11.073)
(2914063 11.073)
(190529 9.048)
(223146 9.048)
(230856 9.048)
(234372 9.048)
(284665 9.048)
(313671 9.048)
(379018 9.048)
(390071 9.048)
(470444 9.048)
(508973 9.048)
(532252 9.048)
(551321 9.048)
(603664 9.048)
(614587 9.048)
(621706 9.048)
(643385 9.048)
(646552 9.048)
(719301 9.048)
(756020 9.048)
(792780 9.048)
(847550 9.048)
(852009 9.048)
(965768 9.048)
(1028680 9.048)
(1061890 9.048)
(1071121 9.048)
(1073611 9.048)
(1082384 9.048)
(1101822 9.048)
(1115567 9.048)
(1277646 9.048)
(1289102 9.048)
(1413981 9.048)
(1487957 9.048)
(1509299 9.048)
(1520680 9.048)
(1551720 9.048)
(1680968 9.048)
(1805488 9.048)
(1929594 9.048)
(1939748 9.048)
(1964198 9.048)
(1980383 9.048)
(2032077 9.048)
(2041139 9.048)
(2175805 9.048)
(2188094 9.048)
(2206746 9.048)
(2244325 9.048)
(2246892 9.048)
(2257456 9.048)
(2261101 9.048)
(2305964 9.048)
(2324616 9.048)
(2344459 9.048)
(2381464 9.048)
(2425790 9.048)
(2504698 9.048)
(2517843 9.048)
(2625237 9.048)
(2635028 9.048)
(2688785 9.048)
(2848702 9.048)
(2866121 9.048)
(2883921 9.048)
(2909134 9.048)
(2924635 9.048)
(2925357 9.048)
(2955585 9.048)
(2957351 9.048)
(152998 7.024)
(234407 7.024)
(292441 7.024)
(294537 7.024)
(330893 7.024)
(451770 7.024)
(474493 7.024)
(530550 7.024)
(531077 7.024)
(573147 7.024)
(651557 7.024)
(669276 7.024)
(870021 7.024)
(918064 7.024)
(928978 7.024)
(955151 7.024)
(956997 7.024)
(983905 7.024)
(997751 7.024)
(1054480 7.024)
(1083102 7.024)
(1086679 7.024)
(1142945 7.024)
(1151504 7.024)
(1161038 7.024)
(1171567 7.024)
(1191107 7.024)
(1218035 7.024)
(1232187 7.024)
(1258746 7.024)
(1278888 7.024)
(1315221 7.024)
(1436642 7.024)
(1504304 7.024)
(1592991 7.024)
(1593041 7.024)
(1745076 7.024)
(1829354 7.024)
(1856961 7.024)
(1888892 7.024)
(1931852 7.024)
(1966301 7.024)
(1994978 7.024)
(1996278 7.024)
(2014078 7.024)
(2033003 7.024)
(2049728 7.024)
(2063202 7.024)
(2121258 7.024)
(2167312 7.024)
(2215751 7.024)
(2335407 7.024)
(2357352 7.024)
(2384887 7.024)
(2390516 7.024)
(2423389 7.024)
(2431951 7.024)
(2515750 7.024)
(2580439 7.024)
(2587651 7.024)
(2611304 7.024)
(2659203 7.024)
(2665954 7.024)
(2687363 7.024)
(2719579 7.024)
(2746761 7.024)
(2758175 7.024)
(2846988 7.024)
(2898980 7.024)
(2940176 7.024)
(2954754 7.024)
(158028 5.0)
(169179 5.0)
(193361 5.0)
(194369 5.0)
(222762 5.0)
(233468 5.0)
(247543 5.0)
(301873 5.0)
(302043 5.0)
(308834 5.0)
(323870 5.0)
(332433 5.0)
(343444 5.0)
(383302 5.0)
(392822 5.0)
(398986 5.0)
(423547 5.0)
(430708 5.0)
(507766 5.0)
(558669 5.0)
(563117 5.0)
(591853 5.0)
(649440 5.0)
(653200 5.0)
(668280 5.0)
(687702 5.0)
(696761 5.0)
(722566 5.0)
(754797 5.0)
(760794 5.0)
(780217 5.0)
(790385 5.0)
(810711 5.0)
(868096 5.0)
(906993 5.0)
(911758 5.0)
(951095 5.0)
(1063822 5.0)
(1092231 5.0)
(1165567 5.0)
(1219000 5.0)
(1237986 5.0)
(1246981 5.0)
(1268484 5.0)
(1270958 5.0)
(1319519 5.0)
(1351301 5.0)
(1390212 5.0)
(1405562 5.0)
(1452027 5.0)
(1467187 5.0)
(1544791 5.0)
(1557847 5.0)
(1576857 5.0)
(1653378 5.0)
(1751606 5.0)
(1761515 5.0)
(1790955 5.0)
(1805185 5.0)
(1827823 5.0)
(1832896 5.0)
(1841367 5.0)
(1848844 5.0)
(1878047 5.0)
(1892745 5.0)
(1948542 5.0)
(1981558 5.0)
(2014771 5.0)
(2135637 5.0)
(2142707 5.0)
(2152395 5.0)
(2228385 5.0)
(2239187 5.0)
(2245184 5.0)
(2273596 5.0)
(2323785 5.0)
(2333126 5.0)
(2343054 5.0)
(2349159 5.0)
(2379488 5.0)
(2397764 5.0)
(2424875 5.0)
(2477276 5.0)
(2483440 5.0)
(2510824 5.0)
(2542285 5.0)
(2559060 5.0)
(2560627 5.0)
(2563646 5.0)
(2591874 5.0)
(2638609 5.0)
(2693376 5.0)
(2740032 5.0)
(2756176 5.0)
(2767494 5.0)
(2813716 5.0)
(2819232 5.0)
(2869596 5.0)
(2897833 5.0)
(2947228 5.0)
(2965924 5.0)
(235441 2.975)
(263981 2.975)
(290624 2.975)
(343137 2.975)
(415231 2.975)
(440363 2.975)
(520313 2.975)
(599709 2.975)
(614741 2.975)
(647288 2.975)
(669519 2.975)
(693222 2.975)
(748353 2.975)
(767710 2.975)
(915376 2.975)
(931157 2.975)
(958617 2.975)
(1011971 2.975)
(1023159 2.975)
(1091654 2.975)
(1118202 2.975)
(1124509 2.975)
(1144993 2.975)
(1163553 2.975)
(1190171 2.975)
(1201176 2.975)
(1202983 2.975)
(1214361 2.975)
(1254028 2.975)
(1290861 2.975)
(1317846 2.975)
(1324206 2.975)
(1338469 2.975)
(1351623 2.975)
(1361162 2.975)
(1441700 2.975)
(1455118 2.975)
(1475101 2.975)
(1537830 2.975)
(1542251 2.975)
(1563099 2.975)
(1621646 2.975)
(1673120 2.975)
(1701183 2.975)
(1722575 2.975)
(1747742 2.975)
(1764918 2.975)
(1803282 2.975)
(1810862 2.975)
(1917409 2.975)
(1922553 2.975)
(1930948 2.975)
(1951265 2.975)
(1953967 2.975)
(1978193 2.975)
(1985339 2.975)
(1989763 2.975)
(2036336 2.975)
(2094264 2.975)
(2110410 2.975)
(2126196 2.975)
(2152924 2.975)
(2179834 2.975)
(2188431 2.975)
(2224766 2.975)
(2267668 2.975)
(2309739 2.975)
(2382109 2.975)
(2382861 2.975)
(2436170 2.975)
(2440235 2.975)
(2461938 2.975)
(2498084 2.975)
(2506121 2.975)
(2529552 2.975)
(2606386 2.975)
(2678812 2.975)
(2739465 2.975)
(2747082 2.975)
(2800241 2.975)
(2807378 2.975)
(2840132 2.975)
(2863116 2.975)
(2908287 2.975)
(2931769 2.975)
(2943414 2.975)
(206849 0.951)
(331924 0.951)
(355463 0.951)
(360075 0.951)
(394777 0.951)
(404345 0.951)
(476080 0.951)
(503009 0.951)
(549366 0.951)
(616682 0.951)
(727382 0.951)
(764165 0.951)
(775879 0.951)
(819428 0.951)
(828743 0.951)
(843274 0.951)
(901631 0.951)
(918827 0.951)
(941787 0.951)
(1030240 0.951)
(1042152 0.951)
(1052971 0.951)
(1094741 0.951)
(1157402 0.951)
(1167885 0.951)
(1198944 0.951)
(1206618 0.951)
(1222906 0.951)
(1229092 0.951)
(1230882 0.951)
(1251146 0.951)
(1259708 0.951)
(1263613 0.951)
(1271400 0.951)
(1279220 0.951)
(1300249 0.951)
(1340234 0.951)
(1342040 0.951)
(1346753 0.951)
(1354920 0.951)
(1403766 0.951)
(1540786 0.951)
(1559518 0.951)
(1566870 0.951)
(1587318 0.951)
(1601603 0.951)
(1644191 0.951)
(1651708 0.951)
(1671970 0.951)
(1682362 0.951)
(1715404 0.951)
(1738690 0.951)
(1762397 0.951)
(1804544 0.951)
(1832150 0.951)
(1838755 0.951)
(1841448 0.951)
(1899408 0.951)
(1901762 0.951)
(1988709 0.951)
(2007230 0.951)
(2024355 0.951)
(2084326 0.951)
(2142961 0.951)
(2171304 0.951)
(2236220 0.951)
(2252462 0.951)
(2260553 0.951)
(2310731 0.951)
(2347853 0.951)
(2391077 0.951)
(2479556 0.951)
(2541115 0.951)
(2591471 0.951)
(2685907 0.951)
(2718387 0.951)
(2730831 0.951)
(2854429 0.951)
(2863546 0.951)
(2884089 0.951)
(2885734 0.951)
(2885984 0.951)
(2893615 0.951)
(2922507 0.951)
(2948324 0.951)
(2963601 0.951)
(295072 -1.073)
(306500 -1.073)
(329400 -1.073)
(352365 -1.073)
(377089 -1.073)
(382883 -1.073)
(387732 -1.073)
(397303 -1.073)
(441224 -1.073)
(589983 -1.073)
(602418 -1.073)
(613771 -1.073)
(675335 -1.073)
(704314 -1.073)
(713000 -1.073)
(774987 -1.073)
(801920 -1.073)
(814717 -1.073)
(826125 -1.073)
(902200 -1.073)
(951771 -1.073)
(956499 -1.073)
(975243 -1.073)
(977833 -1.073)
(980230 -1.073)
(986296 -1.073)
(1034813 -1.073)
(1038630 -1.073)
(1146825 -1.073)
(1160869 -1.073)
(1165054 -1.073)
(1180202 -1.073)
(1262352 -1.073)
(1276025 -1.073)
(1298171 -1.073)
(1337235 -1.073)
(1389231 -1.073)
(1400094 -1.073)
(1427330 -1.073)
(1429912 -1.073)
(1434163 -1.073)
(1437612 -1.073)
(1441199 -1.073)
(1484638 -1.073)
(1523882 -1.073)
(1681289 -1.073)
(1690461 -1.073)
(1699007 -1.073)
(1772362 -1.073)
(1778815 -1.073)
(2120468 -1.073)
(2127864 -1.073)
(2140050 -1.073)
(2141839 -1.073)
(2150289 -1.073)
(2157651 -1.073)
(2163810 -1.073)
(2165820 -1.073)
(2187458 -1.073)
(2231291 -1.073)
(2250584 -1.073)
(2290159 -1.073)
(2291737 -1.073)
(2307487 -1.073)
(2333747 -1.073)
(2376757 -1.073)
(2409071 -1.073)
(2421831 -1.073)
(2450451 -1.073)
(2476239 -1.073)
(2528640 -1.073)
(2545378 -1.073)
(2635020 -1.073)
(2650470 -1.073)
(2665050 -1.073)
(2726034 -1.073)
(2821045 -1.073)
(2898794 -1.073)
(2924430 -1.073)
(2927762 -1.073)
(206536 -3.098)
(232082 -3.098)
(247465 -3.098)
(316117 -3.098)
(382702 -3.098)
(416010 -3.098)
(448965 -3.098)
(456514 -3.098)
(477660 -3.098)
(509695 -3.098)
(522755 -3.098)
(548685 -3.098)
(604383 -3.098)
(659182 -3.098)
(684755 -3.098)
(694477 -3.098)
(708493 -3.098)
(733561 -3.098)
(751120 -3.098)
(756784 -3.098)
(768402 -3.098)
(778237 -3.098)
(840165 -3.098)
(848848 -3.098)
(892222 -3.098)
(896330 -3.098)
(912603 -3.098)
(944061 -3.098)
(1022354 -3.098)
(1070728 -3.098)
(1148823 -3.098)
(1154164 -3.098)
(1246144 -3.098)
(1268336 -3.098)
(1301573 -3.098)
(1366530 -3.098)
(1444603 -3.098)
(1532310 -3.098)
(1532367 -3.098)
(1562164 -3.098)
(1569734 -3.098)
(1599225 -3.098)
(1620318 -3.098)
(1628630 -3.098)
(1727383 -3.098)
(1756705 -3.098)
(1834416 -3.098)
(1876194 -3.098)
(1876426 -3.098)
(1885460 -3.098)
(1887219 -3.098)
(1951168 -3.098)
(1969604 -3.098)
(1989948 -3.098)
(2015751 -3.098)
(2144231 -3.098)
(2150654 -3.098)
(2180111 -3.098)
(2189721 -3.098)
(2296481 -3.098)
(2383976 -3.098)
(2392467 -3.098)
(2401751 -3.098)
(2414738 -3.098)
(2442472 -3.098)
(2465813 -3.098)
(2473413 -3.098)
(2475563 -3.098)
(2484886 -3.098)
(2533323 -3.098)
(2575124 -3.098)
(2582240 -3.098)
(2586147 -3.098)
(2588614 -3.098)
(2604112 -3.098)
(2611913 -3.098)
(2617153 -3.098)
(2626858 -3.098)
(2656632 -3.098)
(2658555 -3.098)
(2670461 -3.098)
(2682368 -3.098)
(2690484 -3.098)
(2721183 -3.098)
(2775745 -3.098)
(2784137 -3.098)
(2876858 -3.098)
(2887925 -3.098)
(2909739 -3.098)
(200393 -5.122)
(252102 -5.122)
(255476 -5.122)
(276259 -5.122)
(276763 -5.122)
(290919 -5.122)
(293711 -5.122)
(305799 -5.122)
(360595 -5.122)
(435980 -5.122)
(458919 -5.122)
(533452 -5.122)
(566753 -5.122)
(569832 -5.122)
(680636 -5.122)
(725296 -5.122)
(832070 -5.122)
(866304 -5.122)
(867148 -5.122)
(878388 -5.122)
(883838 -5.122)
(900878 -5.122)
(906158 -5.122)
(976264 -5.122)
(1072638 -5.122)
(1118295 -5.122)
(1155299 -5.122)
(1168767 -5.122)
(1279221 -5.122)
(1320601 -5.122)
(1339601 -5.122)
(1344283 -5.122)
(1467760 -5.122)
(1828664 -5.122)
(1833941 -5.122)
(1877861 -5.122)
(1877932 -5.122)
(1998748 -5.122)
(2000583 -5.122)
(2023012 -5.122)
(2035790 -5.122)
(2038622 -5.122)
(2067504 -5.122)
(2071030 -5.122)
(2154123 -5.122)
(2180950 -5.122)
(2197012 -5.122)
(2200369 -5.122)
(2238060 -5.122)
(2239596 -5.122)
(2294797 -5.122)
(2332222 -5.122)
(2347117 -5.122)
(2348346 -5.122)
(2379195 -5.122)
(2430661 -5.122)
(2442752 -5.122)
(2449780 -5.122)
(2486388 -5.122)
(2562575 -5.122)
(2600623 -5.122)
(2602273 -5.122)
(2701429 -5.122)
(2842622 -5.122)
(2856326 -5.122)
(2858756 -5.122)
(2915685 -5.122)
(2955092 -5.122)
(162491 -7.146)
(202172 -7.146)
(211146 -7.146)
(261679 -7.146)
(280443 -7.146)
(308000 -7.146)
(400546 -7.146)
(418998 -7.146)
(484814 -7.146)
(538840 -7.146)
(673731 -7.146)
(711389 -7.146)
(727157 -7.146)
(736985 -7.146)
(758020 -7.146)
(874239 -7.146)
(890105 -7.146)
(890743 -7.146)
(902478 -7.146)
(971268 -7.146)
(1017726 -7.146)
(1039359 -7.146)
(1211562 -7.146)
(1291744 -7.146)
(1342972 -7.146)
(1356085 -7.146)
(1411562 -7.146)
(1476552 -7.146)
(1499177 -7.146)
(1526453 -7.146)
(1549763 -7.146)
(1558936 -7.146)
(1631851 -7.146)
(1686260 -7.146)
(1694131 -7.146)
(1710886 -7.146)
(1741645 -7.146)
(1774524 -7.146)
(1785957 -7.146)
(1861000 -7.146)
(1911182 -7.146)
(2011086 -7.146)
(2036606 -7.146)
(2048552 -7.146)
(2053531 -7.146)
(2097059 -7.146)
(2147316 -7.146)
(2156686 -7.146)
(2165504 -7.146)
(2193611 -7.146)
(2230386 -7.146)
(2235993 -7.146)
(2272046 -7.146)
(2316191 -7.146)
(2367913 -7.146)
(2446725 -7.146)
(2458366 -7.146)
(2464448 -7.146)
(2477345 -7.146)
(2571458 -7.146)
(2615262 -7.146)
(2663048 -7.146)
(2668216 -7.146)
(2684666 -7.146)
(2728805 -7.146)
(2763121 -7.146)
(2809120 -7.146)
(2821340 -7.146)
(2873927 -7.146)
(2899540 -7.146)
(2941989 -7.146)
(160346 -9.171)
(209578 -9.171)
(239232 -9.171)
(276056 -9.171)
(296781 -9.171)
(358673 -9.171)
(371714 -9.171)
(382919 -9.171)
(439630 -9.171)
(439740 -9.171)
(493293 -9.171)
(522330 -9.171)
(541133 -9.171)
(569795 -9.171)
(599262 -9.171)
(615517 -9.171)
(656716 -9.171)
(812813 -9.171)
(826495 -9.171)
(832705 -9.171)
(958423 -9.171)
(1006362 -9.171)
(1009245 -9.171)
(1026404 -9.171)
(1105919 -9.171)
(1142056 -9.171)
(1162261 -9.171)
(1188641 -9.171)
(1231740 -9.171)
(1263897 -9.171)
(1266411 -9.171)
(1309118 -9.171)
(1395875 -9.171)
(1414597 -9.171)
(1447941 -9.171)
(1505204 -9.171)
(1535617 -9.171)
(1584916 -9.171)
(1585534 -9.171)
(1657779 -9.171)
(1689146 -9.171)
(1702526 -9.171)
(1732726 -9.171)
(1775530 -9.171)
(1852937 -9.171)
(1925838 -9.171)
(1945610 -9.171)
(1993236 -9.171)
(1997699 -9.171)
(2054031 -9.171)
(2090997 -9.171)
(2129553 -9.171)
(2208540 -9.171)
(2224229 -9.171)
(2240411 -9.171)
(2412294 -9.171)
(2469789 -9.171)
(2477847 -9.171)
(2498786 -9.171)
(2511676 -9.171)
(2517143 -9.171)
(2676460 -9.171)
(2714854 -9.171)
(2739219 -9.171)
(2769576 -9.171)
(2771196 -9.171)
(2801811 -9.171)
(2805767 -9.171)
(2829386 -9.171)
(2874536 -9.171)
(2897788 -9.171)
(2902322 -9.171)
(2909999 -9.171)
(2911912 -9.171)
(226529 -11.195)
(240137 -11.195)
(240913 -11.195)
(249458 -11.195)
(271412 -11.195)
(312324 -11.195)
(367342 -11.195)
(525355 -11.195)
(622041 -11.195)
(668229 -11.195)
(680249 -11.195)
(709848 -11.195)
(731134 -11.195)
(738492 -11.195)
(795781 -11.195)
(827522 -11.195)
(864299 -11.195)
(877479 -11.195)
(894856 -11.195)
(920294 -11.195)
(1041657 -11.195)
(1044908 -11.195)
(1046957 -11.195)
(1129763 -11.195)
(1131772 -11.195)
(1167757 -11.195)
(1191124 -11.195)
(1197985 -11.195)
(1279089 -11.195)
(1422015 -11.195)
(1464972 -11.195)
(1550255 -11.195)
(1617482 -11.195)
(1618682 -11.195)
(1647922 -11.195)
(1699137 -11.195)
(1717449 -11.195)
(1791784 -11.195)
(1908561 -11.195)
(1918627 -11.195)
(1974837 -11.195)
(2025428 -11.195)
(2081161 -11.195)
(2082039 -11.195)
(2117415 -11.195)
(2145129 -11.195)
(2158754 -11.195)
(2231774 -11.195)
(2245994 -11.195)
(2274956 -11.195)
(2290809 -11.195)
(2303128 -11.195)
(2312066 -11.195)
(2330380 -11.195)
(2427525 -11.195)
(2457608 -11.195)
(2485099 -11.195)
(2501372 -11.195)
(2515087 -11.195)
(2526611 -11.195)
(2547126 -11.195)
(2574541 -11.195)
(2623770 -11.195)
(2724106 -11.195)
(2740458 -11.195)
(2805203 -11.195)
(2857554 -11.195)
(2858308 -11.195)
(2872969 -11.195)
(2886469 -11.195)
(2930997 -11.195)
(2961855 -11.195)
(2965009 -11.195)
(233596 -13.219)
(247349 -13.219)
(271428 -13.219)
(295304 -13.219)
(322469 -13.219)
(325844 -13.219)
(344794 -13.219)
(354557 -13.219)
(356619 -13.219)
(537285 -13.219)
(539385 -13.219)
(576000 -13.219)
(600840 -13.219)
(612332 -13.219)
(646952 -13.219)
(690330 -13.219)
(690829 -13.219)
(732995 -13.219)
(874687 -13.219)
(942188 -13.219)
(1072520 -13.219)
(1090219 -13.219)
(1097239 -13.219)
(1125393 -13.219)
(1147844 -13.219)
(1153191 -13.219)
(1194169 -13.219)
(1225430 -13.219)
(1316404 -13.219)
(1358958 -13.219)
(1373876 -13.219)
(1424454 -13.219)
(1464345 -13.219)
(1466391 -13.219)
(1512783 -13.219)
(1522010 -13.219)
(1522670 -13.219)
(1527117 -13.219)
(1633754 -13.219)
(1692683 -13.219)
(1695279 -13.219)
(1723951 -13.219)
(1724259 -13.219)
(1737699 -13.219)
(1804642 -13.219)
(1857721 -13.219)
(1862873 -13.219)
(1870547 -13.219)
(1894935 -13.219)
(1971103 -13.219)
(2012443 -13.219)
(2024383 -13.219)
(2076178 -13.219)
(2085253 -13.219)
(2099557 -13.219)
(2164018 -13.219)
(2218761 -13.219)
(2227585 -13.219)
(2229395 -13.219)
(2241310 -13.219)
(2256961 -13.219)
(2284114 -13.219)
(2289206 -13.219)
(2297801 -13.219)
(2326124 -13.219)
(2334570 -13.219)
(2406172 -13.219)
(2419004 -13.219)
(2489833 -13.219)
(2495121 -13.219)
(2522228 -13.219)
(2551780 -13.219)
(2578061 -13.219)
(2620667 -13.219)
(2671529 -13.219)
(2677502 -13.219)
(2727275 -13.219)
(2738737 -13.219)
(2763188 -13.219)
(2800959 -13.219)
(2801353 -13.219)
(2822403 -13.219)
(2832958 -13.219)
(2881114 -13.219)
(2921697 -13.219)
(2951658 -13.219)
(250315 -15.244)
(293358 -15.244)
(298336 -15.244)
(329814 -15.244)
(339992 -15.244)
(381444 -15.244)
(397391 -15.244)
(463678 -15.244)
(526216 -15.244)
(543189 -15.244)
(579464 -15.244)
(697418 -15.244)
(710834 -15.244)
(783215 -15.244)
(807839 -15.244)
(820211 -15.244)
(842895 -15.244)
(897494 -15.244)
(978935 -15.244)
(1036192 -15.244)
(1050289 -15.244)
(1090064 -15.244)
(1114441 -15.244)
(1135348 -15.244)
(1181917 -15.244)
(1185240 -15.244)
(1202098 -15.244)
(1211296 -15.244)
(1233596 -15.244)
(1292293 -15.244)
(1329021 -15.244)
(1332388 -15.244)
(1406056 -15.244)
(1447394 -15.244)
(1454808 -15.244)
(1560875 -15.244)
(1575533 -15.244)
(1582012 -15.244)
(1589010 -15.244)
(1670486 -15.244)
(1698815 -15.244)
(1776252 -15.244)
(1780941 -15.244)
(1786174 -15.244)
(1820237 -15.244)
(1823394 -15.244)
(1830328 -15.244)
(1843027 -15.244)
(1877253 -15.244)
(1907754 -15.244)
(1919919 -15.244)
(1934214 -15.244)
(1936454 -15.244)
(1970298 -15.244)
(1971894 -15.244)
(1974220 -15.244)
(2035946 -15.244)
(2177538 -15.244)
(2183771 -15.244)
(2231364 -15.244)
(2243662 -15.244)
(2256148 -15.244)
(2283350 -15.244)
(2301668 -15.244)
(2370109 -15.244)
(2385914 -15.244)
(2433401 -15.244)
(2444237 -15.244)
(2475963 -15.244)
(2517880 -15.244)
(2521411 -15.244)
(2524165 -15.244)
(2526819 -15.244)
(2562266 -15.244)
(2572543 -15.244)
(2593224 -15.244)
(2632105 -15.244)
(2656152 -15.244)
(2745965 -15.244)
(2843071 -15.244)
(2952142 -15.244)
(291364 -17.268)
(357231 -17.268)
(401266 -17.268)
(405646 -17.268)
(442171 -17.268)
(499195 -17.268)
(505330 -17.268)
(518748 -17.268)
(544045 -17.268)
(546398 -17.268)
(583572 -17.268)
(586451 -17.268)
(725242 -17.268)
(740349 -17.268)
(761785 -17.268)
(776147 -17.268)
(776873 -17.268)
(791847 -17.268)
(849722 -17.268)
(855939 -17.268)
(905717 -17.268)
(1000254 -17.268)
(1044663 -17.268)
(1077123 -17.268)
(1089872 -17.268)
(1090944 -17.268)
(1116585 -17.268)
(1134208 -17.268)
(1141778 -17.268)
(1147823 -17.268)
(1258461 -17.268)
(1311397 -17.268)
(1364569 -17.268)
(1438673 -17.268)
(1473668 -17.268)
(1542652 -17.268)
(1617260 -17.268)
(1662825 -17.268)
(1859884 -17.268)
(1903665 -17.268)
(1934274 -17.268)
(2013288 -17.268)
(2066803 -17.268)
(2122960 -17.268)
(2134749 -17.268)
(2233916 -17.268)
(2251739 -17.268)
(2294962 -17.268)
(2321929 -17.268)
(2350063 -17.268)
(2352435 -17.268)
(2462555 -17.268)
(2520466 -17.268)
(2560442 -17.268)
(2588581 -17.268)
(2626811 -17.268)
(2650125 -17.268)
(2656158 -17.268)
(2664008 -17.268)
(2737885 -17.268)
(2756938 -17.268)
(2802595 -17.268)
(2834871 -17.268)
(2835178 -17.268)
(2859339 -17.268)
(207710 -19.292)
(217243 -19.292)
(371022 -19.292)
(451591 -19.292)
(499380 -19.292)
(607670 -19.292)
(652854 -19.292)
(656480 -19.292)
(702510 -19.292)
(817235 -19.292)
(830076 -19.292)
(859889 -19.292)
(913691 -19.292)
(928312 -19.292)
(953424 -19.292)
(1014880 -19.292)
(1025281 -19.292)
(1058949 -19.292)
(1085416 -19.292)
(1126054 -19.292)
(1138755 -19.292)
(1163129 -19.292)
(1196605 -19.292)
(1208281 -19.292)
(1211829 -19.292)
(1249033 -19.292)
(1285250 -19.292)
(1295171 -19.292)
(1396660 -19.292)
(1418138 -19.292)
(1434569 -19.292)
(1491185 -19.292)
(1516223 -19.292)
(1555216 -19.292)
(1583612 -19.292)
(1663646 -19.292)
(1817701 -19.292)
(1849616 -19.292)
(1863819 -19.292)
(1921152 -19.292)
(1930368 -19.292)
(1955887 -19.292)
(1959943 -19.292)
(2039074 -19.292)
(2039930 -19.292)
(2041383 -19.292)
(2062332 -19.292)
(2130194 -19.292)
(2182752 -19.292)
(2215258 -19.292)
(2305405 -19.292)
(2341911 -19.292)
(2413111 -19.292)
(2420901 -19.292)
(2495930 -19.292)
(2614812 -19.292)
(2641318 -19.292)
(2655365 -19.292)
(2725374 -19.292)
(198271 -21.317)
(240049 -21.317)
(251296 -21.317)
(291676 -21.317)
(364092 -21.317)
(372871 -21.317)
(451969 -21.317)
(523731 -21.317)
(527045 -21.317)
(580691 -21.317)
(581590 -21.317)
(584806 -21.317)
(587001 -21.317)
(612756 -21.317)
(625911 -21.317)
(655630 -21.317)
(726174 -21.317)
(749329 -21.317)
(771815 -21.317)
(820057 -21.317)
(821065 -21.317)
(838207 -21.317)
(850498 -21.317)
(916639 -21.317)
(918212 -21.317)
(943349 -21.317)
(1001829 -21.317)
(1029963 -21.317)
(1041724 -21.317)
(1154732 -21.317)
(1269149 -21.317)
(1321174 -21.317)
(1323006 -21.317)
(1362593 -21.317)
(1404981 -21.317)
(1502884 -21.317)
(1524526 -21.317)
(1639887 -21.317)
(1645834 -21.317)
(2104233 -21.317)
(2358935 -21.317)
(2397911 -21.317)
(2409928 -21.317)
(2418539 -21.317)
(2420099 -21.317)
(2452616 -21.317)
(2478188 -21.317)
(2497550 -21.317)
(2503472 -21.317)
(2546173 -21.317)
(2620174 -21.317)
(2650253 -21.317)
(2652411 -21.317)
(2682289 -21.317)
(2686402 -21.317)
(2731234 -21.317)
(2841727 -21.317)
(2879483 -21.317)
(149459 -23.341)
(268000 -23.341)
(303637 -23.341)
(344481 -23.341)
(447893 -23.341)
(461503 -23.341)
(492649 -23.341)
(534314 -23.341)
(546688 -23.341)
(553936 -23.341)
(579746 -23.341)
(648298 -23.341)
(690333 -23.341)
(739233 -23.341)
(744451 -23.341)
(753003 -23.341)
(789011 -23.341)
(922038 -23.341)
(936843 -23.341)
(944512 -23.341)
(978637 -23.341)
(979692 -23.341)
(993753 -23.341)
(1032186 -23.341)
(1130860 -23.341)
(1135613 -23.341)
(1147534 -23.341)
(1203092 -23.341)
(1268357 -23.341)
(1273149 -23.341)
(1322538 -23.341)
(1326545 -23.341)
(1407374 -23.341)
(1407851 -23.341)
(1428822 -23.341)
(1549943 -23.341)
(1612553 -23.341)
(1624526 -23.341)
(1669291 -23.341)
(1717057 -23.341)
(1745124 -23.341)
(1777332 -23.341)
(1780160 -23.341)
(1795593 -23.341)
(1808106 -23.341)
(1835307 -23.341)
(1986986 -23.341)
(1998313 -23.341)
(2100530 -23.341)
(2112375 -23.341)
(2140811 -23.341)
(2173711 -23.341)
(2193467 -23.341)
(2196467 -23.341)
(2216225 -23.341)
(2242715 -23.341)
(2249807 -23.341)
(2254449 -23.341)
(2274466 -23.341)
(2278433 -23.341)
(2343090 -23.341)
(2345674 -23.341)
(2370908 -23.341)
(2387381 -23.341)
(2396177 -23.341)
(2411964 -23.341)
(2438408 -23.341)
(2486649 -23.341)
(2489222 -23.341)
(2585912 -23.341)
(2616422 -23.341)
(2660685 -23.341)
(2691465 -23.341)
(2704615 -23.341)
(2717454 -23.341)
(2723278 -23.341)
(2750083 -23.341)
(2774410 -23.341)
(2777056 -23.341)
(2789951 -23.341)
(2814609 -23.341)
(2822800 -23.341)
(2824444 -23.341)
(2828426 -23.341)
(2830897 -23.341)
(2849197 -23.341)
(2962646 -23.341)
(237481 -25.366)
(267405 -25.366)
(288700 -25.366)
(310454 -25.366)
(328677 -25.366)
(353973 -25.366)
(373527 -25.366)
(376859 -25.366)
(383730 -25.366)
(463728 -25.366)
(468314 -25.366)
(478077 -25.366)
(571536 -25.366)
(582976 -25.366)
(675264 -25.366)
(734704 -25.366)
(795254 -25.366)
(813428 -25.366)
(846583 -25.366)
(870184 -25.366)
(938882 -25.366)
(963763 -25.366)
(981163 -25.366)
(1036336 -25.366)
(1037420 -25.366)
(1197228 -25.366)
(1255302 -25.366)
(1267490 -25.366)
(1294261 -25.366)
(1375793 -25.366)
(1492694 -25.366)
(1528337 -25.366)
(1598777 -25.366)
(1614539 -25.366)
(1706448 -25.366)
(1821947 -25.366)
(1886437 -25.366)
(1905333 -25.366)
(1933787 -25.366)
(2021170 -25.366)
(2050696 -25.366)
(2102076 -25.366)
(2116359 -25.366)
(2132777 -25.366)
(2160645 -25.366)
(2192590 -25.366)
(2201296 -25.366)
(2223739 -25.366)
(2277900 -25.366)
(2330980 -25.366)
(2377735 -25.366)
(2420796 -25.366)
(2485832 -25.366)
(2496394 -25.366)
(2505803 -25.366)
(2564595 -25.366)
(2583946 -25.366)
(2608964 -25.366)
(2693787 -25.366)
(2745542 -25.366)
(2760336 -25.366)
(2800454 -25.366)
(2855612 -25.366)
(2887761 -25.366)
(2924995 -25.366)
(2936752 -25.366)
(181161 -27.39)
(192258 -27.39)
(212624 -27.39)
(214082 -27.39)
(241019 -27.39)
(255241 -27.39)
(333335 -27.39)
(402211 -27.39)
(405907 -27.39)
(462293 -27.39)
(473854 -27.39)
(498544 -27.39)
(511441 -27.39)
(544038 -27.39)
(632507 -27.39)
(685700 -27.39)
(708549 -27.39)
(717958 -27.39)
(889239 -27.39)
(1104659 -27.39)
(1251617 -27.39)
(1269027 -27.39)
(1314666 -27.39)
(1348707 -27.39)
(1482569 -27.39)
(1507056 -27.39)
(1572307 -27.39)
(1613149 -27.39)
(1639463 -27.39)
(1647277 -27.39)
(1652667 -27.39)
(1721766 -27.39)
(1725981 -27.39)
(1740231 -27.39)
(1844844 -27.39)
(1913039 -27.39)
(1938068 -27.39)
(2003299 -27.39)
(2040862 -27.39)
(2086116 -27.39)
(2113614 -27.39)
(2225950 -27.39)
(2259180 -27.39)
(2311418 -27.39)
(2363816 -27.39)
(2448232 -27.39)
(2476569 -27.39)
(2479026 -27.39)
(2500446 -27.39)
(2597967 -27.39)
(2599988 -27.39)
(2633784 -27.39)
(2698134 -27.39)
(2700492 -27.39)
(2715221 -27.39)
(2786590 -27.39)
(2803401 -27.39)
(2845075 -27.39)
(2865755 -27.39)
(2882239 -27.39)
(2887640 -27.39)
(2888332 -27.39)
(2945301 -27.39)
(179124 -29.414)
(236205 -29.414)
(239986 -29.414)
(240372 -29.414)
(255986 -29.414)
(275088 -29.414)
(288924 -29.414)
(313568 -29.414)
(391907 -29.414)
(443464 -29.414)
(463770 -29.414)
(567453 -29.414)
(692555 -29.414)
(712843 -29.414)
(821778 -29.414)
(835908 -29.414)
(856483 -29.414)
(895338 -29.414)
(959200 -29.414)
(1124893 -29.414)
(1316758 -29.414)
(1346012 -29.414)
(1382388 -29.414)
(1422762 -29.414)
(1491849 -29.414)
(1534103 -29.414)
(1543199 -29.414)
(1607671 -29.414)
(1666866 -29.414)
(1682009 -29.414)
(1694180 -29.414)
(1723228 -29.414)
(1725162 -29.414)
(1736728 -29.414)
(1796247 -29.414)
(1802453 -29.414)
(1816053 -29.414)
(1972833 -29.414)
(2040702 -29.414)
(2041194 -29.414)
(2046224 -29.414)
(2060009 -29.414)
(2247120 -29.414)
(2277208 -29.414)
(2284633 -29.414)
(2342226 -29.414)
(2357523 -29.414)
(2559484 -29.414)
(2674810 -29.414)
(2797673 -29.414)
(2816757 -29.414)
(2871253 -29.414)
(2903209 -29.414)
(2908293 -29.414)
(251937 -31.439)
(277366 -31.439)
(409531 -31.439)
(463334 -31.439)
(488181 -31.439)
(544964 -31.439)
(644706 -31.439)
(645694 -31.439)
(707749 -31.439)
(721699 -31.439)
(758413 -31.439)
(814981 -31.439)
(879452 -31.439)
(940367 -31.439)
(946530 -31.439)
(1100910 -31.439)
(1150596 -31.439)
(1257812 -31.439)
(1273915 -31.439)
(1306088 -31.439)
(1407928 -31.439)
(1454376 -31.439)
(1495368 -31.439)
(1508337 -31.439)
(1514889 -31.439)
(1515004 -31.439)
(1552616 -31.439)
(1586512 -31.439)
(1643568 -31.439)
(1650003 -31.439)
(1694554 -31.439)
(1717465 -31.439)
(1786525 -31.439)
(1798233 -31.439)
(1821048 -31.439)
(1850708 -31.439)
(2021815 -31.439)
(2073553 -31.439)
(2110905 -31.439)
(2191081 -31.439)
(2281299 -31.439)
(2282414 -31.439)
(2329297 -31.439)
(2379432 -31.439)
(2440416 -31.439)
(2501032 -31.439)
(2566009 -31.439)
(2601354 -31.439)
(2629462 -31.439)
(2737889 -31.439)
(2768056 -31.439)
(2796032 -31.439)
(2847946 -31.439)
(2853437 -31.439)
(2872079 -31.439)
(2963850 -31.439)
(183945 -33.463)
(252891 -33.463)
(302723 -33.463)
(333479 -33.463)
(346143 -33.463)
(349579 -33.463)
(414009 -33.463)
(438881 -33.463)
(507888 -33.463)
(531788 -33.463)
(588840 -33.463)
(594682 -33.463)
(777465 -33.463)
(787799 -33.463)
(805122 -33.463)
(851603 -33.463)
(851656 -33.463)
(924335 -33.463)
(1018333 -33.463)
(1050416 -33.463)
(1067268 -33.463)
(1110676 -33.463)
(1237090 -33.463)
(1249961 -33.463)
(1258330 -33.463)
(1349696 -33.463)
(1381917 -33.463)
(1500841 -33.463)
(1501483 -33.463)
(1502343 -33.463)
(1600804 -33.463)
(1623440 -33.463)
(1703034 -33.463)
(1706067 -33.463)
(1739627 -33.463)
(1795313 -33.463)
(1861964 -33.463)
(2002292 -33.463)
(2017343 -33.463)
(2043935 -33.463)
(2086169 -33.463)
(2090448 -33.463)
(2136822 -33.463)
(2164765 -33.463)
(2168764 -33.463)
(2202458 -33.463)
(2273244 -33.463)
(2275614 -33.463)
(2290630 -33.463)
(2318793 -33.463)
(2320553 -33.463)
(2356401 -33.463)
(2380117 -33.463)
(2399391 -33.463)
(2411425 -33.463)
(2531493 -33.463)
(2625439 -33.463)
(2665815 -33.463)
(2713101 -33.463)
(2742225 -33.463)
(2777765 -33.463)
(2803807 -33.463)
(2834619 -33.463)
(2917165 -33.463)
(2926997 -33.463)
(2934081 -33.463)
(2953965 -33.463)
(155820 -35.487)
(204824 -35.487)
(286193 -35.487)
(338695 -35.487)
(393691 -35.487)
(407719 -35.487)
(494266 -35.487)
(506816 -35.487)
(549751 -35.487)
(603369 -35.487)
(672419 -35.487)
(726666 -35.487)
(827986 -35.487)
(843739 -35.487)
(884056 -35.487)
(890500 -35.487)
(916397 -35.487)
(993317 -35.487)
(1002863 -35.487)
(1042558 -35.487)
(1042783 -35.487)
(1043392 -35.487)
(1240309 -35.487)
(1279795 -35.487)
(1293730 -35.487)
(1353354 -35.487)
(1366460 -35.487)
(1404266 -35.487)
(1432831 -35.487)
(1474262 -35.487)
(1496340 -35.487)
(1511014 -35.487)
(1601008 -35.487)
(1605589 -35.487)
(1708327 -35.487)
(1722663 -35.487)
(1750582 -35.487)
(1799162 -35.487)
(1871370 -35.487)
(1982555 -35.487)
(2003418 -35.487)
(2060880 -35.487)
(2081282 -35.487)
(2121216 -35.487)
(2148471 -35.487)
(2176597 -35.487)
(2187037 -35.487)
(2218157 -35.487)
(2219717 -35.487)
(2224537 -35.487)
(2233462 -35.487)
(2252812 -35.487)
(2256658 -35.487)
(2300010 -35.487)
(2321439 -35.487)
(2346660 -35.487)
(2389457 -35.487)
(2403738 -35.487)
(2443419 -35.487)
(2452390 -35.487)
(2568585 -35.487)
(2614309 -35.487)
(2850676 -35.487)
(2934869 -35.487)
(2941958 -35.487)
(222318 -37.512)
(247599 -37.512)
(311350 -37.512)
(359431 -37.512)
(391525 -37.512)
(416027 -37.512)
(483202 -37.512)
(510349 -37.512)
(513234 -37.512)
(519571 -37.512)
(639937 -37.512)
(724917 -37.512)
(934639 -37.512)
(1005880 -37.512)
(1037538 -37.512)
(1051985 -37.512)
(1083638 -37.512)
(1090011 -37.512)
(1121730 -37.512)
(1127888 -37.512)
(1191969 -37.512)
(1272718 -37.512)
(1344940 -37.512)
(1490201 -37.512)
(1503862 -37.512)
(1522253 -37.512)
(1562701 -37.512)
(1578030 -37.512)
(1715311 -37.512)
(1763585 -37.512)
(2005193 -37.512)
(2072280 -37.512)
(2090210 -37.512)
(2174400 -37.512)
(2314506 -37.512)
(2349556 -37.512)
(2357947 -37.512)
(2456539 -37.512)
(2475039 -37.512)
(2490518 -37.512)
(2566412 -37.512)
(2608150 -37.512)
(2635003 -37.512)
(2654048 -37.512)
(2691997 -37.512)
(2707303 -37.512)
(2716360 -37.512)
(2729447 -37.512)
(2731288 -37.512)
(2795602 -37.512)
(2816933 -37.512)
(2900163 -37.512)
(2940940 -37.512)
(216048 -39.536)
(225221 -39.536)
(256646 -39.536)
(305868 -39.536)
(309634 -39.536)
(317029 -39.536)
(326784 -39.536)
(348662 -39.536)
(357517 -39.536)
(489154 -39.536)
(564650 -39.536)
(568429 -39.536)
(649983 -39.536)
(658014 -39.536)
(849804 -39.536)
(869052 -39.536)
(904251 -39.536)
(974504 -39.536)
(992520 -39.536)
(1015626 -39.536)
(1054232 -39.536)
(1086423 -39.536)
(1126394 -39.536)
(1126983 -39.536)
(1171728 -39.536)
(1226974 -39.536)
(1281865 -39.536)
(1287055 -39.536)
(1347405 -39.536)
(1368672 -39.536)
(1375284 -39.536)
(1518795 -39.536)
(1552178 -39.536)
(1561294 -39.536)
(1576942 -39.536)
(1596301 -39.536)
(1601320 -39.536)
(1604989 -39.536)
(1692354 -39.536)
(1782817 -39.536)
(1904669 -39.536)
(1928244 -39.536)
(1934641 -39.536)
(2020493 -39.536)
(2036807 -39.536)
(2047735 -39.536)
(2051413 -39.536)
(2064568 -39.536)
(2075081 -39.536)
(2086931 -39.536)
(2280839 -39.536)
(2284955 -39.536)
(2346359 -39.536)
(2352295 -39.536)
(2354652 -39.536)
(2366573 -39.536)
(2487289 -39.536)
(2493150 -39.536)
(2527752 -39.536)
(2619404 -39.536)
(2669516 -39.536)
(2682244 -39.536)
(2752514 -39.536)
(2854617 -39.536)
(2920015 -39.536)
(2922418 -39.536)
(2932257 -39.536)
(2936293 -39.536)
(2951824 -39.536)
(291513 -41.56)
(351928 -41.56)
(360837 -41.56)
(385798 -41.56)
(436710 -41.56)
(621457 -41.56)
(647299 -41.56)
(679340 -41.56)
(684381 -41.56)
(687064 -41.56)
(784545 -41.56)
(791120 -41.56)
(811442 -41.56)
(814901 -41.56)
(943941 -41.56)
(975506 -41.56)
(998371 -41.56)
(1026684 -41.56)
(1100140 -41.56)
(1233020 -41.56)
(1250402 -41.56)
(1287876 -41.56)
(1393299 -41.56)
(1414833 -41.56)
(1453647 -41.56)
(1553158 -41.56)
(1579355 -41.56)
(1617436 -41.56)
(1723747 -41.56)
(1797023 -41.56)
(1837497 -41.56)
(1874176 -41.56)
(1942939 -41.56)
(1984705 -41.56)
(2022567 -41.56)
(2048756 -41.56)
(2169581 -41.56)
(2214433 -41.56)
(2237227 -41.56)
(2246490 -41.56)
(2263480 -41.56)
(2470762 -41.56)
(2493982 -41.56)
(2521310 -41.56)
(2548391 -41.56)
(2571763 -41.56)
(2647046 -41.56)
(2708138 -41.56)
(2764635 -41.56)
(2797877 -41.56)
(2836589 -41.56)
(257262 -43.585)
(366554 -43.585)
(370717 -43.585)
(379441 -43.585)
(413341 -43.585)
(414305 -43.585)
(425588 -43.585)
(502489 -43.585)
(591636 -43.585)
(657712 -43.585)
(794657 -43.585)
(1033454 -43.585)
(1057309 -43.585)
(1070633 -43.585)
(1103425 -43.585)
(1209909 -43.585)
(1210197 -43.585)
(1239431 -43.585)
(1313216 -43.585)
(1327795 -43.585)
(1457018 -43.585)
(1473684 -43.585)
(1543130 -43.585)
(1731270 -43.585)
(1818424 -43.585)
(1979533 -43.585)
(1982685 -43.585)
(2075572 -43.585)
(2181896 -43.585)
(2310753 -43.585)
(2314085 -43.585)
(2316070 -43.585)
(2377849 -43.585)
(2400816 -43.585)
(2429745 -43.585)
(2478494 -43.585)
(2513391 -43.585)
(2557151 -43.585)
(2595829 -43.585)
(2755484 -43.585)
(2782788 -43.585)
(2829930 -43.585)
(231466 -45.609)
(259934 -45.609)
(318596 -45.609)
(340327 -45.609)
(360735 -45.609)
(363275 -45.609)
(422368 -45.609)
(445639 -45.609)
(466311 -45.609)
(475151 -45.609)
(550829 -45.609)
(611674 -45.609)
(633549 -45.609)
(645661 -45.609)
(654025 -45.609)
(750697 -45.609)
(798217 -45.609)
(802278 -45.609)
(839499 -45.609)
(872951 -45.609)
(936038 -45.609)
(965888 -45.609)
(1017773 -45.609)
(1078038 -45.609)
(1085718 -45.609)
(1389014 -45.609)
(1440265 -45.609)
(1477398 -45.609)
(1520010 -45.609)
(1524171 -45.609)
(1588152 -45.609)
(1614071 -45.609)
(1789714 -45.609)
(1794834 -45.609)
(1896772 -45.609)
(1942030 -45.609)
(1992563 -45.609)
(2001712 -45.609)
(2041199 -45.609)
(2051998 -45.609)
(2091409 -45.609)
(2121378 -45.609)
(2126992 -45.609)
(2131950 -45.609)
(2170535 -45.609)
(2232451 -45.609)
(2284954 -45.609)
(2331652 -45.609)
(2332476 -45.609)
(2444431 -45.609)
(2455807 -45.609)
(2491997 -45.609)
(2538397 -45.609)
(2622679 -45.609)
(2714551 -45.609)
(2820076 -45.609)
(2822377 -45.609)
(2831689 -45.609)
(2837461 -45.609)
(2922919 -45.609)
(219061 -47.633)
(361530 -47.633)
(379885 -47.633)
(412224 -47.633)
(417969 -47.633)
(458060 -47.633)
(556794 -47.633)
(560251 -47.633)
(831463 -47.633)
(851120 -47.633)
(882528 -47.633)
(944012 -47.633)
(960713 -47.633)
(991459 -47.633)
(1021482 -47.633)
(1093026 -47.633)
(1101264 -47.633)
(1129399 -47.633)
(1298692 -47.633)
(1326105 -47.633)
(1334351 -47.633)
(1338158 -47.633)
(1402140 -47.633)
(1514732 -47.633)
(1558529 -47.633)
(1578308 -47.633)
(1713457 -47.633)
(1765828 -47.633)
(1811845 -47.633)
(1839844 -47.633)
(1840637 -47.633)
(1857455 -47.633)
(1860720 -47.633)
(1927068 -47.633)
(2033686 -47.633)
(2222184 -47.633)
(2435040 -47.633)
(2516970 -47.633)
(2535427 -47.633)
(2577550 -47.633)
(2603249 -47.633)
(2635662 -47.633)
(2706431 -47.633)
(2713643 -47.633)
(2753495 -47.633)
(2824638 -47.633)
(2844531 -47.633)
(287235 -49.658)
(303292 -49.658)
(350461 -49.658)
(366475 -49.658)
(401533 -49.658)
(457417 -49.658)
(490588 -49.658)
(548104 -49.658)
(577391 -49.658)
(600482 -49.658)
(605263 -49.658)
(699783 -49.658)
(765872 -49.658)
(767935 -49.658)
(815527 -49.658)
(829667 -49.658)
(938057 -49.658)
(1067035 -49.658)
(1371685 -49.658)
(1472591 -49.658)
(1479569 -49.658)
(1549847 -49.658)
(1592185 -49.658)
(1627866 -49.658)
(1671465 -49.658)
(1707266 -49.658)
(1719559 -49.658)
(1813344 -49.658)
(1941671 -49.658)
(1959853 -49.658)
(1963564 -49.658)
(2021539 -49.658)
(2032266 -49.658)
(2141914 -49.658)
(2151515 -49.658)
(2203965 -49.658)
(2317885 -49.658)
(2444721 -49.658)
(2474191 -49.658)
(2668895 -49.658)
(2676974 -49.658)
(2733645 -49.658)
(2787036 -49.658)
(2798436 -49.658)
(2901393 -49.658)
(144727 -51.682)
(327817 -51.682)
(445150 -51.682)
(527123 -51.682)
(589412 -51.682)
(664127 -51.682)
(666332 -51.682)
(710897 -51.682)
(853235 -51.682)
(955742 -51.682)
(960463 -51.682)
(1123982 -51.682)
(1169722 -51.682)
(1194719 -51.682)
(1323914 -51.682)
(1409027 -51.682)
(1457605 -51.682)
(1490515 -51.682)
(1510143 -51.682)
(1619658 -51.682)
(1622747 -51.682)
(1669625 -51.682)
(1697202 -51.682)
(1768911 -51.682)
(1946466 -51.682)
(2024903 -51.682)
(2052790 -51.682)
(2117425 -51.682)
(2120351 -51.682)
(2189411 -51.682)
(2249133 -51.682)
(2285240 -51.682)
(2286628 -51.682)
(2395389 -51.682)
(2451076 -51.682)
(2465789 -51.682)
(2509573 -51.682)
(2548121 -51.682)
(2935889 -51.682)
(2958657 -51.682)
(2959486 -51.682)
(221823 -53.706)
(399935 -53.706)
(455720 -53.706)
(498082 -53.706)
(525014 -53.706)
(542595 -53.706)
(584125 -53.706)
(593752 -53.706)
(616481 -53.706)
(701286 -53.706)
(707158 -53.706)
(877767 -53.706)
(1013498 -53.706)
(1060813 -53.706)
(1063576 -53.706)
(1065732 -53.706)
(1102551 -53.706)
(1368315 -53.706)
(1420896 -53.706)
(1431355 -53.706)
(1465348 -53.706)
(1606484 -53.706)
(1618726 -53.706)
(1798127 -53.706)
(1809964 -53.706)
(1909655 -53.706)
(1913402 -53.706)
(2054797 -53.706)
(2104374 -53.706)
(2115577 -53.706)
(2132190 -53.706)
(2133716 -53.706)
(2185289 -53.706)
(2189456 -53.706)
(2282065 -53.706)
(2303244 -53.706)
(2334566 -53.706)
(2342335 -53.706)
(2404693 -53.706)
(2458965 -53.706)
(2475653 -53.706)
(2506779 -53.706)
(2623904 -53.706)
(2743152 -53.706)
(2802690 -53.706)
(2845279 -53.706)
(2890957 -53.706)
(2948344 -53.706)
(2953707 -53.706)
(214411 -55.731)
(287475 -55.731)
(307233 -55.731)
(372214 -55.731)
(408092 -55.731)
(566327 -55.731)
(609487 -55.731)
(640121 -55.731)
(654662 -55.731)
(883163 -55.731)
(1012832 -55.731)
(1081548 -55.731)
(1084380 -55.731)
(1191552 -55.731)
(1212804 -55.731)
(1297588 -55.731)
(1383321 -55.731)
(1590828 -55.731)
(1891015 -55.731)
(2022354 -55.731)
(2248056 -55.731)
(2298403 -55.731)
(2347929 -55.731)
(2379658 -55.731)
(2443818 -55.731)
(2454338 -55.731)
(2613946 -55.731)
(2642071 -55.731)
(2738264 -55.731)
(2851067 -55.731)
(2910961 -55.731)
(353027 -57.755)
(379201 -57.755)
(501519 -57.755)
(552718 -57.755)
(585609 -57.755)
(666794 -57.755)
(670966 -57.755)
(800530 -57.755)
(1103980 -57.755)
(1209067 -57.755)
(1315960 -57.755)
(1413486 -57.755)
(1420024 -57.755)
(1491622 -57.755)
(1557314 -57.755)
(1700282 -57.755)
(1714387 -57.755)
(1743343 -57.755)
(1783169 -57.755)
(1981995 -57.755)
(2016734 -57.755)
(2071468 -57.755)
(2168246 -57.755)
(2236784 -57.755)
(2290397 -57.755)
(2362581 -57.755)
(2465306 -57.755)
(2490736 -57.755)
(2504168 -57.755)
(2649155 -57.755)
(2677535 -57.755)
(2724124 -57.755)
(2763061 -57.755)
(2796868 -57.755)
(2906332 -57.755)
(2925561 -57.755)
(233953 -59.779)
(453545 -59.779)
(469932 -59.779)
(561215 -59.779)
(628722 -59.779)
(629699 -59.779)
(774379 -59.779)
(894000 -59.779)
(939721 -59.779)
(970500 -59.779)
(1088956 -59.779)
(1255726 -59.779)
(1432088 -59.779)
(1826136 -59.779)
(1914359 -59.779)
(1927996 -59.779)
(1955429 -59.779)
(1994527 -59.779)
(2040308 -59.779)
(2201799 -59.779)
(2487984 -59.779)
(2569151 -59.779)
(2598285 -59.779)
(2609834 -59.779)
(2737172 -59.779)
(2828118 -59.779)
(2839578 -59.779)
(2942706 -59.779)
(408892 -61.804)
(570478 -61.804)
(575727 -61.804)
(597279 -61.804)
(622319 -61.804)
(815986 -61.804)
(825797 -61.804)
(1199931 -61.804)
(1405845 -61.804)
(1410022 -61.804)
(1563416 -61.804)
(1784519 -61.804)
(1975821 -61.804)
(2015956 -61.804)
(2026327 -61.804)
(2139139 -61.804)
(2222459 -61.804)
(2308408 -61.804)
(2453864 -61.804)
(2465859 -61.804)
(2481749 -61.804)
(2558678 -61.804)
(2640381 -61.804)
(2648913 -61.804)
(2726960 -61.804)
(2815607 -61.804)
(2958376 -61.804)
(2963344 -61.804)
(486225 -63.828)
(588440 -63.828)
(588814 -63.828)
(610656 -63.828)
(676940 -63.828)
(717182 -63.828)
(819940 -63.828)
(836119 -63.828)
(974129 -63.828)
(995959 -63.828)
(1046153 -63.828)
(1138140 -63.828)
(1408354 -63.828)
(1414750 -63.828)
(1486197 -63.828)
(1592585 -63.828)
(1667586 -63.828)
(1855913 -63.828)
(1906757 -63.828)
(1933100 -63.828)
(2010519 -63.828)
(2088432 -63.828)
(2089809 -63.828)
(2135899 -63.828)
(2188435 -63.828)
(2263252 -63.828)
(2373592 -63.828)
(2375743 -63.828)
(2468805 -63.828)
(2469131 -63.828)
(2488048 -63.828)
(2531779 -63.828)
(2563106 -63.828)
(2603909 -63.828)
(2771965 -63.828)
(2860188 -63.828)
(2866665 -63.828)
(2917588 -63.828)
(244945 -65.853)
(308150 -65.853)
(497910 -65.853)
(711795 -65.853)
(769383 -65.853)
(914588 -65.853)
(948396 -65.853)
(1125021 -65.853)
(1271853 -65.853)
(1340629 -65.853)
(1380305 -65.853)
(1382749 -65.853)
(1468203 -65.853)
(1484958 -65.853)
(1586334 -65.853)
(1654826 -65.853)
(1716472 -65.853)
(1717957 -65.853)
(1809616 -65.853)
(2007354 -65.853)
(2008057 -65.853)
(2162634 -65.853)
(2281848 -65.853)
(2287562 -65.853)
(2403142 -65.853)
(2492236 -65.853)
(2546911 -65.853)
(2554847 -65.853)
(2703233 -65.853)
(2760153 -65.853)
(2881601 -65.853)
(2903392 -65.853)
(270563 -67.877)
(361145 -67.877)
(431702 -67.877)
(551782 -67.877)
(625308 -67.877)
(660136 -67.877)
(721424 -67.877)
(773497 -67.877)
(949729 -67.877)
(972509 -67.877)
(986546 -67.877)
(1110122 -67.877)
(1179225 -67.877)
(1343855 -67.877)
(1652750 -67.877)
(1728434 -67.877)
(1856513 -67.877)
(1922124 -67.877)
(1947653 -67.877)
(2030316 -67.877)
(2225639 -67.877)
(2394408 -67.877)
(2403303 -67.877)
(2445683 -67.877)
(2491074 -67.877)
(2508055 -67.877)
(2510533 -67.877)
(2535883 -67.877)
(2576099 -67.877)
(2605192 -67.877)
(2607121 -67.877)
(2622455 -67.877)
(2684435 -67.877)
(2686655 -67.877)
(2787694 -67.877)
(2791213 -67.877)
(2814635 -67.877)
(2819724 -67.877)
(2829737 -67.877)
(2835610 -67.877)
(2885231 -67.877)
(2891320 -67.877)
(201534 -69.901)
(528590 -69.901)
(1068027 -69.901)
(1071711 -69.901)
(1097644 -69.901)
(1105210 -69.901)
(1190600 -69.901)
(1310632 -69.901)
(1711224 -69.901)
(1728908 -69.901)
(1817073 -69.901)
(1938670 -69.901)
(2014299 -69.901)
(2048018 -69.901)
(2071821 -69.901)
(2190326 -69.901)
(2322467 -69.901)
(2360471 -69.901)
(2391844 -69.901)
(2467523 -69.901)
(2486625 -69.901)
(2696263 -69.901)
(2755732 -69.901)
(2905597 -69.901)
(2957481 -69.901)
(336097 -71.926)
(421373 -71.926)
(425423 -71.926)
(454299 -71.926)
(483545 -71.926)
(496108 -71.926)
(689517 -71.926)
(732316 -71.926)
(822724 -71.926)
(1063761 -71.926)
(1139365 -71.926)
(1179146 -71.926)
(1188264 -71.926)
(1193716 -71.926)
(1294660 -71.926)
(1369656 -71.926)
(1387348 -71.926)
(1459957 -71.926)
(1526552 -71.926)
(1600223 -71.926)
(1792993 -71.926)
(1801597 -71.926)
(1821212 -71.926)
(1937078 -71.926)
(2080312 -71.926)
(2212372 -71.926)
(2240446 -71.926)
(2256307 -71.926)
(2391860 -71.926)
(2544575 -71.926)
(2554509 -71.926)
(2627964 -71.926)
(2628747 -71.926)
(2710114 -71.926)
(2755080 -71.926)
(2810085 -71.926)
(226564 -73.95)
(264165 -73.95)
(277270 -73.95)
(293370 -73.95)
(347691 -73.95)
(516116 -73.95)
(553143 -73.95)
(701655 -73.95)
(809269 -73.95)
(901186 -73.95)
(984289 -73.95)
(1421674 -73.95)
(1511595 -73.95)
(1539576 -73.95)
(1657209 -73.95)
(1680076 -73.95)
(2001228 -73.95)
(2003146 -73.95)
(2113128 -73.95)
(2285849 -73.95)
(2304490 -73.95)
(2309132 -73.95)
(2490203 -73.95)
(2622849 -73.95)
(2647959 -73.95)
(2681799 -73.95)
(2722297 -73.95)
(2782228 -73.95)
(2784980 -73.95)
(2834294 -73.95)
(2886958 -73.95)
(2900227 -73.95)
(234276 -75.974)
(302356 -75.974)
(387449 -75.974)
(410085 -75.974)
(477470 -75.974)
(487992 -75.974)
(574909 -75.974)
(622527 -75.974)
(760309 -75.974)
(830636 -75.974)
(899950 -75.974)
(932152 -75.974)
(947192 -75.974)
(964352 -75.974)
(1001857 -75.974)
(1006590 -75.974)
(1083036 -75.974)
(1095884 -75.974)
(1153545 -75.974)
(1377639 -75.974)
(1419870 -75.974)
(1687910 -75.974)
(1727972 -75.974)
(1750560 -75.974)
(2068463 -75.974)
(2092189 -75.974)
(2239063 -75.974)
(2432743 -75.974)
(2464025 -75.974)
(2808472 -75.974)
(2921183 -75.974)
(266651 -77.999)
(367908 -77.999)
(459335 -77.999)
(528243 -77.999)
(653960 -77.999)
(1108555 -77.999)
(1265357 -77.999)
(1285647 -77.999)
(1397005 -77.999)
(1399020 -77.999)
(1477695 -77.999)
(1512186 -77.999)
(1529500 -77.999)
(1532718 -77.999)
(1639988 -77.999)
(1673742 -77.999)
(1779165 -77.999)
(1783253 -77.999)
(1789149 -77.999)
(2006660 -77.999)
(2141414 -77.999)
(2145536 -77.999)
(2197725 -77.999)
(2208245 -77.999)
(2215805 -77.999)
(2415018 -77.999)
(2632939 -77.999)
(2750095 -77.999)
(2812012 -77.999)
(2819787 -77.999)
(208647 -80.023)
(510981 -80.023)
(613031 -80.023)
(810358 -80.023)
(875118 -80.023)
(972745 -80.023)
(1006741 -80.023)
(1212992 -80.023)
(1354299 -80.023)
(1381018 -80.023)
(1434600 -80.023)
(1684459 -80.023)
(1892192 -80.023)
(2164145 -80.023)
(2316941 -80.023)
(2415424 -80.023)
(2419758 -80.023)
(2576063 -80.023)
(2612985 -80.023)
(2637649 -80.023)
(2665956 -80.023)
(2750726 -80.023)
(2850564 -80.023)
(484978 -82.047)
(973512 -82.047)
(1174940 -82.047)
(1392841 -82.047)
(1393891 -82.047)
(1567312 -82.047)
(1609912 -82.047)
(1902682 -82.047)
(2053422 -82.047)
(2217216 -82.047)
(2226744 -82.047)
(2287847 -82.047)
(2301588 -82.047)
(2400845 -82.047)
(2509818 -82.047)
(2719014 -82.047)
(2741268 -82.047)
(2833803 -82.047)
(2874874 -82.047)
(2889585 -82.047)
(2909842 -82.047)
(232899 -84.072)
(394079 -84.072)
(585608 -84.072)
(744993 -84.072)
(832175 -84.072)
(840269 -84.072)
(930279 -84.072)
(1008472 -84.072)
(1229349 -84.072)
(1449758 -84.072)
(1525577 -84.072)
(2080019 -84.072)
(2118799 -84.072)
(2429104 -84.072)
(2461058 -84.072)
(2471570 -84.072)
(2527457 -84.072)
(2543153 -84.072)
(2553766 -84.072)
(2559426 -84.072)
(2644247 -84.072)
(2659134 -84.072)
(384260 -86.096)
(514036 -86.096)
(521203 -86.096)
(587536 -86.096)
(1237908 -86.096)
(1892058 -86.096)
(2238930 -86.096)
(2269659 -86.096)
(2327768 -86.096)
(2351339 -86.096)
(2378271 -86.096)
(2536616 -86.096)
(2966087 -86.096)
(261938 -88.12)
(291089 -88.12)
(481569 -88.12)
(661589 -88.12)
(676028 -88.12)
(1041411 -88.12)
(1079695 -88.12)
(1207217 -88.12)
(1274400 -88.12)
(1375928 -88.12)
(1395315 -88.12)
(1636573 -88.12)
(1703994 -88.12)
(2004607 -88.12)
(2048890 -88.12)
(2572507 -88.12)
(2610728 -88.12)
(2761821 -88.12)
(2763524 -88.12)
(2895903 -88.12)
(2944083 -88.12)
(211662 -90.145)
(739555 -90.145)
(1022099 -90.145)
(1157136 -90.145)
(1266562 -90.145)
(1456137 -90.145)
(1594020 -90.145)
(1768421 -90.145)
(2088804 -90.145)
(2241963 -90.145)
(2683802 -90.145)
(2858904 -90.145)
(2944876 -90.145)
(2952725 -90.145)
(386662 -92.169)
(515055 -92.169)
(686614 -92.169)
(771583 -92.169)
(1077340 -92.169)
(1111986 -92.169)
(1128155 -92.169)
(1195490 -92.169)
(1442452 -92.169)
(1505652 -92.169)
(1730589 -92.169)
(2004376 -92.169)
(2093266 -92.169)
(2136250 -92.169)
(2502406 -92.169)
(2509134 -92.169)
(2685564 -92.169)
(2880942 -92.169)
(253667 -94.193)
(632046 -94.193)
(820942 -94.193)
(891726 -94.193)
(1303253 -94.193)
(1380504 -94.193)
(1390540 -94.193)
(1683649 -94.193)
(1735083 -94.193)
(2097490 -94.193)
(2209432 -94.193)
(2306056 -94.193)
(2343376 -94.193)
(2388023 -94.193)
(2714274 -94.193)
(2921010 -94.193)
(426346 -96.218)
(700357 -96.218)
(876938 -96.218)
(960906 -96.218)
(1004015 -96.218)
(1146704 -96.218)
(2068650 -96.218)
(2134149 -96.218)
(2424628 -96.218)
(2603758 -96.218)
(2912925 -96.218)
(215329 -98.242)
(690634 -98.242)
(972048 -98.242)
(1139254 -98.242)
(1426525 -98.242)
(1465824 -98.242)
(1705581 -98.242)
(2125454 -98.242)
(2197525 -98.242)
(2339613 -98.242)
(2420068 -98.242)
(2516218 -98.242)
(2600517 -98.242)
(2660249 -98.242)
(2884139 -98.242)
(341976 -100.267)
(393530 -100.267)
(904766 -100.267)
(1300775 -100.267)
(1345219 -100.267)
(1660815 -100.267)
(1826926 -100.267)
(1852076 -100.267)
(2110768 -100.267)
(2205897 -100.267)
(2329420 -100.267)
(2340200 -100.267)
(2439558 -100.267)
(2459331 -100.267)
(2867824 -100.267)
(2923916 -100.267)
(1615874 -102.291)
(1723794 -102.291)
(1926168 -102.291)
(2275436 -102.291)
(2386057 -102.291)
(2659831 -102.291)
(230083 -104.315)
(948174 -104.315)
(1235119 -104.315)
(1521602 -104.315)
(1634527 -104.315)
(1742397 -104.315)
(1846462 -104.315)
(1871026 -104.315)
(1941937 -104.315)
(2005622 -104.315)
(2266600 -104.315)
(2328827 -104.315)
(2392287 -104.315)
(2804719 -104.315)
(2927506 -104.315)
(1372275 -106.34)
(1570915 -106.34)
(2228408 -106.34)
(2306959 -106.34)
(2749860 -106.34)
(2757736 -106.34)
(2764488 -106.34)
(2823710 -106.34)
(238164 -108.364)
(248116 -108.364)
(283978 -108.364)
(1045604 -108.364)
(1285684 -108.364)
(1965742 -108.364)
(1990624 -108.364)
(2073279 -108.364)
(2386551 -108.364)
(2622193 -108.364)
(2779191 -108.364)
(702133 -110.388)
(744180 -110.388)
(874053 -110.388)
(959475 -110.388)
(1023626 -110.388)
(1324909 -110.388)
(1595305 -110.388)
(1654922 -110.388)
(2043102 -110.388)
(2482633 -110.388)
(2554446 -110.388)
(2949937 -110.388)
(623847 -112.413)
(1661123 -112.413)
(1703776 -112.413)
(1960337 -112.413)
(2107747 -112.413)
(2386906 -112.413)
(2595752 -112.413)
(458666 -114.437)
(1284660 -114.437)
(2543997 -114.437)
(2911015 -114.437)
(1665666 -116.461)
(1677685 -116.461)
(1758655 -116.461)
(2336886 -116.461)
(2693392 -116.461)
(2717153 -116.461)
(521966 -118.486)
(926333 -118.486)
(1696078 -118.486)
(2445075 -118.486)
(2097937 -120.51)
(945246 -122.534)
(1207541 -122.534)
(2518576 -122.534)
(515827 -124.559)
(1110928 -124.559)
(1182071 -124.559)
(1633174 -124.559)
(2371770 -124.559)
(2632929 -124.559)
(2926339 -124.559)
(764278 -126.583)
(1328011 -126.583)
(1771893 -128.607)
(246037 -130.632)
(369599 -130.632)
(449823 -132.656)
(706647 -132.656)
(2073013 -132.656)
(922753 -134.68)
(962489 -134.68)
(1248293 -134.68)
(1317673 -134.68)
(1702813 -134.68)
(1784108 -134.68)
(570147 -136.705)
(1004940 -136.705)
(1360406 -136.705)
(1412068 -136.705)
(2251576 -140.754)
(2265088 -140.754)
(1096999 -142.778)
(1752487 -142.778)
(1944753 -142.778)
(340567 -144.802)
(640617 -146.827)
(1083523 -146.827)
(2428645 -148.851)
(238402 -150.875)
(418571 -152.9)
(1580030 -156.948)
(2144424 -156.948)
(910169 -158.973)
(670722 -160.997)
(836441 -160.997)
(367523 -175.167)
(2607683 -207.557)
