1 532
2 1396
3 585
4 297
5 288
6 673
7 513
8 1677
9 203
10 298
11 1062
12 232
13 401
14 138
15 689
16 289
17 748
18 838
19 279
20 342
21 1316
22 154
23 346
24 254
25 237
26 105
27 273
28 831
29 480
30 795
31 361
32 389
33 95
34 345
35 122
36 180
37 187
38 312
39 172
40 359
41 276
42 329
43 113
44 281
45 91
46 126
47 34
48 1204
49 397
50 27
51 55
52 327
53 272
54 158
55 42
56 83
57 232
58 65
59 71
60 77
61 126
62 63
63 375
64 574
65 48
66 377
67 500
68 184
69 114
70 78
71 116
72 75
73 91
74 34
75 125
76 37
77 45
78 95
79 42
80 172
81 90
82 33
83 311
84 101
85 143
86 175
87 59
88 297
89 544
90 99
91 47
92 388
93 407
94 57
95 118
96 12
97 14
98 617
99 186
100 45
101 1206
102 93
103 84
104 17
105 68
106 43
107 57
108 138
109 45
110 113
111 38
112 44
113 28
114 30
115 81
116 235
117 30
118 143
119 78
120 152
121 97
122 124
123 89
124 86
125 190
126 50
127 50
128 61
129 14
130 53
131 73
132 70
133 132
134 47
135 18
136 27
137 25
138 41
139 42
140 24
141 29
142 210
143 49
144 29
145 102
146 33
147 14
148 105
149 72
150 10
151 33
152 6
153 105
154 188
155 39
156 27
157 76
158 69
159 54
160 43
161 1
162 7
163 3
164 0
165 114
166 92
167 0
168 2
169 4
170 33
171 1
172 6
173 22
174 7
175 9
176 3
177 2
178 5
179 2
180 3
181 1
182 4
183 1
184 0
185 1
186 6
187 9
188 23
189 1
190 19
191 0
192 85
193 9
194 7
195 4
196 0
197 0
198 3
199 11
200 1
201 16
202 19
203 5
204 14
205 4
206 48
207 2
208 35
209 15
210 14
211 12
212 18
213 57
214 41
215 2
216 31
217 1
218 21
219 1
220 7
221 5
222 29
223 14
224 7
225 5
226 8
227 4
228 7
229 3
230 50
231 27
232 17
233 6
234 6
235 6
236 2
237 9
238 0
239 21
240 0
241 8
242 1
243 4
244 3
245 15
246 1
247 3
248 4
249 14
250 56
251 1
252 12
253 63
254 145
255 71
256 17
257 30
258 13
259 6
260 3
261 4
262 2
263 7
264 9
265 26
266 0
267 8
268 7
269 7
270 0
271 2
272 1
273 3
274 2
275 2
276 4
277 9
278 4
279 19
280 5
281 115
282 64
283 6
284 21
285 53
286 32
287 21
288 40
289 15
290 3
291 1
292 4
293 1
294 3
295 94
296 55
297 6
298 0
299 8
300 65
301 12
302 23
303 3
304 3
305 7
306 90
307 44
308 26
309 14
310 2
311 8
312 1
313 12
314 48
315 8
316 8
317 5
318 7
319 3
320 3
321 1
322 4
323 42
324 2
325 2
326 6
327 36
328 32
329 9
330 7
331 0
332 37
333 12
334 3
335 29
336 16
337 11
338 42
339 33
340 5
341 14
342 17
343 28
344 44
345 5
346 1
347 2
348 3
349 9
350 1
351 10
352 1
353 1
354 2
355 11
356 14
357 15
358 2
359 1
360 11
361 4
362 6
363 1
364 19
365 4
366 33
367 0
368 21
369 15
370 4
371 33
372 14
373 32
374 9
375 32
376 2
377 4
378 4
379 5
380 4
381 0
382 1
383 72
384 3
385 0
386 7
387 60
388 8
389 1
390 7
391 7
392 2
393 20
394 20
395 15
396 0
397 11
398 7
399 21
400 13
401 15
402 7
403 18
404 29
405 13
406 24
407 11
408 16
409 8
410 0
411 26
412 4
413 6
414 0
415 12
416 0
417 33
418 1
419 19
420 56
421 23
422 8
423 56
424 12
425 19
426 12
427 10
428 1
429 0
430 31
431 8
432 1
433 61
434 4
435 8
436 18
437 8
438 2
439 1
440 2
441 1
442 5
443 62
444 7
445 2
446 30
447 26
448 9
449 6
450 6
451 16
452 5
453 5
454 1
455 49
456 23
457 33
458 7
459 19
460 19
461 2
462 13
463 6
464 9
465 23
466 42
467 16
468 0
469 4
470 0
471 15
472 23
473 18
474 22
475 20
476 1
477 6
478 2
479 3
480 5
481 28
482 11
483 14
484 2
485 17
486 20
487 0
488 5
489 24
490 3
491 6
492 23
493 22
494 1
495 23
496 0
497 5
498 37
499 31
500 2
501 1
502 8
503 3
504 7
505 22
506 22
507 14
508 1
509 10
510 0
511 1
512 17
513 11
514 7
515 7
516 9
517 19
518 36
519 0
520 6
521 2
522 1
523 4
524 78
525 19
526 25
527 6
528 10
529 15
530 23
531 3
532 3
533 29
534 31
535 0
536 1
537 16
538 13
539 2
540 1
541 0
542 6
543 0
544 0
545 0
546 23
547 4
548 8
549 19
550 4
551 23
552 0
553 1
554 21
555 3
556 6
557 6
558 45
559 3
560 2
561 2
562 44
563 18
564 3
565 36
566 52
567 35
568 16
569 23
570 0
571 3
572 0
573 11
574 11
575 40
576 23
577 17
578 23
579 14
580 0
581 1
582 4
583 1
584 5
585 5
586 12
587 9
588 3
589 40
590 8
591 21
592 17
593 2
594 20
595 5
596 32
597 1
598 4
599 4
600 27
601 1
602 2
603 1
604 46
605 6
606 0
607 0
608 0
609 2
610 2
611 7
612 2
613 27
614 2
615 5
616 2
617 15
618 67
619 102
620 6
621 4
622 15
623 1
624 15
625 7
626 1
627 8
628 10
629 4
630 23
631 6
632 40
633 28
634 35
635 12
636 2
637 4
638 9
639 7
640 7
641 36
642 25
643 25
644 63
645 13
646 28
647 1
648 19
649 2
650 91
651 161
652 3
653 0
654 7
655 2
656 1
657 1
658 3
659 0
660 8
661 18
662 32
663 14
664 4
665 9
666 11
667 7
668 7
669 34
670 54
671 4
672 7
673 5
674 5
675 3
676 1
677 5
678 3
679 1
680 10
681 25
682 2
683 157
684 9
685 19
686 22
687 3
688 15
689 88
690 89
691 19
692 3
693 0
694 8
695 8
696 6
697 5
698 2
699 1
700 0
701 6
702 13
703 0
704 2
705 16
706 6
707 13
708 14
709 10
710 3
711 0
712 15
713 1
714 8
715 10
716 1
717 1
718 6
719 1
720 11
721 36
722 172
723 56
724 68
725 56
726 44
727 4
728 11
729 8
730 4
731 4
732 30
733 86
734 8
735 7
736 8
737 3
738 3
739 6
740 3
741 1
742 3
743 8
744 29
745 41
746 20
747 43
748 4
749 1
750 8
751 3
752 2
753 2
754 1
755 9
756 0
757 1
758 7
759 28
760 15
761 13
762 14
763 1
764 11
765 6
766 8
767 0
768 11
769 1
770 18
771 36
772 4
773 20
774 1
775 14
776 1
777 9
778 11
779 13
780 1
781 3
782 0
783 38
784 6
785 9
786 8
787 7
788 55
789 31
790 14
791 4
792 19
793 4
794 2
795 41
796 134
797 3
798 1
799 2
800 10
801 1
802 7
803 33
804 26
805 3
806 1
807 12
808 19
809 1
810 1
811 1
812 12
813 1
814 4
815 2
816 6
817 4
818 6
819 2
820 9
821 2
822 14
823 40
824 37
825 12
826 0
827 4
828 2
829 5
830 1
831 2
832 71
833 14
834 9
835 19
836 48
837 9
838 10
839 25
840 3
841 3
842 35
843 23
844 2
845 5
846 7
847 1
848 1
849 3
850 3
851 5
852 40
853 0
854 161
855 5
856 4
857 27
858 20
859 44
860 2
861 3
862 0
863 9
864 24
865 6
866 13
867 55
868 19
869 17
870 16
871 13
872 41
873 11
874 14
875 2
876 23
877 19
878 7
879 14
880 49
881 11
882 3
883 79
884 13
885 6
886 1
887 7
888 13
889 18
890 3
891 101
892 64
893 2
894 2
895 0
896 12
897 12
898 18
899 21
900 6
901 32
902 37
903 44
904 25
905 4
906 0
907 4
908 12
909 2
910 16
911 6
912 9
913 63
914 41
915 47
916 5
917 5
918 2
919 11
920 18
921 10
922 1
923 5
924 3
925 5
926 12
927 1
928 38
929 23
930 20
931 3
932 2
933 3
934 20
935 11
936 0
937 4
938 24
939 26
940 23
941 19
942 34
943 34
944 31
945 13
946 2
947 38
948 9
949 25
950 6
951 4
952 38
953 12
954 0
955 19
956 0
957 3
958 2
959 19
960 5
961 2
962 0
963 4
964 3
965 0
966 88
967 1
968 2
969 2
970 1
971 0
972 19
973 5
974 1
975 2
976 11
977 9
978 13
979 29
980 3
981 4
982 4
983 0
984 21
985 24
986 15
987 1
988 10
989 20
990 37
991 5
992 7
993 7
994 14
995 0
996 6
997 0
998 3
999 10
1000 8
1001 0
1002 31
1003 2
1004 0
1005 1
1006 7
1007 2
1008 48
1009 0
1010 6
1011 9
1012 9
1013 54
1014 3
1015 6
1016 7
1017 1
1018 0
1019 6
1020 1
1021 0
1022 16
1023 3
1024 7
1025 29
1026 0
1027 6
1028 9
1029 33
1030 1
1031 42
1032 14
1033 76
1034 68
1035 62
1036 45
1037 35
1038 19
1039 27
1040 21
1041 0
1042 3
1043 8
1044 4
1045 5
1046 2
1047 1
1048 44
1049 8
1050 12
1051 12
1052 20
1053 83
1054 32
1055 4
1056 3
1057 1
1058 10
1059 1
1060 19
1061 9
1062 5
1063 1
1064 6
1065 4
1066 36
1067 6
1068 7
1069 9
1070 5
1071 13
1072 77
1073 245
1074 4
1075 0
1076 3
1077 7
1078 12
1079 14
1080 10
1081 18
1082 7
1083 7
1084 149
1085 31
1086 5
1087 16
1088 8
1089 16
1090 8
1091 3
1092 2
1093 3
1094 4
1095 3
1096 7
1097 17
1098 7
1099 7
1100 6
1101 30
1102 3
1103 19
1104 5
1105 29
1106 1
1107 14
1108 3
1109 39
1110 40
1111 26
1112 17
1113 71
1114 7
1115 7
1116 1
1117 20
1118 21
1119 9
1120 0
1121 28
1122 5
1123 12
1124 1
1125 2
1126 1
1127 5
1128 12
1129 0
1130 31
1131 11
1132 8
1133 10
1134 2
1135 3
1136 40
1137 1
1138 1
1139 1
1140 3
1141 15
1142 11
1143 19
1144 16
1145 50
1146 23
1147 22
1148 14
1149 5
1150 8
1151 8
1152 4
1153 4
1154 18
1155 5
1156 2
1157 1
1158 36
1159 8
1160 2
1161 2
1162 3
1163 3
1164 9
1165 18
1166 2
1167 37
1168 11
1169 10
1170 2
1171 7
1172 6
1173 6
1174 31
1175 87
1176 1
1177 3
1178 15
1179 0
1180 3
1181 7
1182 1
1183 13
1184 24
1185 9
1186 10
1187 0
1188 85
1189 24
1190 39
1191 38
1192 10
1193 3
1194 0
1195 18
1196 1
1197 27
1198 22
1199 12
1200 35
1201 1
1202 8
1203 9
1204 2
1205 0
1206 4
1207 0
1208 29
1209 23
1210 5
1211 2
1212 0
1213 33
1214 3
1215 2
1216 6
1217 0
1218 6
1219 25
1220 15
1221 9
1222 13
1223 22
1224 129
1225 15
1226 0
1227 2
1228 1
1229 0
1230 1
1231 2
1232 22
1233 11
1234 1
1235 18
1236 22
1237 82
1238 20
1239 4
1240 1
1241 3
1242 1
1243 3
1244 99
1245 1
1246 0
1247 21
1248 22
1249 0
1250 22
1251 4
1252 59
1253 22
1254 29
1255 1
1256 14
1257 11
1258 73
1259 0
1260 4
1261 11
1262 19
1263 4
1264 1
1265 9
1266 17
1267 5
1268 2
1269 66
1270 249
1271 16
1272 16
1273 1
1274 0
1275 43
1276 31
1277 22
1278 2
1279 12
1280 6
1281 11
1282 62
1283 6
1284 0
1285 10
1286 8
1287 5
1288 13
1289 2
1290 9
1291 20
1292 14
1293 8
1294 2
1295 5
1296 2
1297 2
1298 19
1299 57
1300 4
1301 15
1302 2
1303 5
1304 19
1305 11
1306 1
1307 2
1308 4
1309 5
1310 8
1311 52
1312 7
1313 6
1314 319
1315 23
1316 62
1317 53
1318 55
1319 14
1320 1
1321 1
1322 4
1323 26
1324 5
1325 1
1326 16
1327 3
1328 110
1329 21
1330 1
1331 1
1332 34
1333 46
1334 36
1335 12
1336 4
1337 12
1338 0
1339 1
1340 0
1341 2
1342 1
1343 25
1344 0
1345 2
1346 3
1347 12
1348 10
1349 2
1350 1
1351 0
1352 3
1353 3
1354 3
1355 4
1356 6
1357 5
1358 9
1359 18
1360 16
1361 2
1362 65
1363 36
1364 27
1365 17
1366 9
1367 16
1368 26
1369 1
1370 4
1371 8
1372 3
1373 7
1374 8
1375 3
1376 1
1377 36
1378 3
1379 2
1380 2
1381 5
1382 9
1383 0
1384 2
1385 4
1386 46
1387 97
1388 28
1389 5
1390 4
1391 1
1392 13
1393 1
1394 1
1395 10
1396 3
1397 16
1398 5
1399 1
1400 15
1401 16
1402 13
1403 18
1404 31
1405 12
1406 2
1407 4
1408 2
1409 8
1410 4
1411 154
1412 28
1413 1
1414 2
1415 9
1416 2
1417 10
1418 18
1419 18
1420 0
1421 1
1422 3
1423 2
1424 1
1425 0
1426 8
1427 19
1428 5
1429 2
1430 6
1431 2
1432 41
1433 9
1434 14
1435 11
1436 15
1437 1
1438 10
1439 7
1440 3
1441 0
1442 20
1443 3
1444 12
1445 3
1446 1
1447 6
1448 10
1449 2
1450 9
1451 19
1452 8
1453 6
1454 2
1455 2
1456 7
1457 0
1458 10
1459 3
1460 1
1461 9
1462 20
1463 8
1464 6
1465 1
1466 5
1467 2
1468 8
1469 5
1470 1
1471 82
1472 7
1473 45
1474 183
1475 97
1476 63
1477 2
1478 1
1479 3
1480 8
1481 15
1482 2
1483 0
1484 19
1485 51
1486 18
1487 2
1488 2
1489 0
1490 2
1491 4
1492 0
1493 1
1494 11
1495 4
1496 2
1497 7
1498 1
1499 17
1500 15
1501 18
1502 6
1503 10
1504 103
1505 3
1506 0
1507 1
1508 4
1509 2
1510 18
1511 3
1512 7
1513 2
1514 17
1515 6
1516 1
1517 3
1518 15
1519 0
1520 13
1521 11
1522 8
1523 2
1524 10
1525 118
1526 25
1527 40
1528 18
1529 41
1530 9
1531 7
1532 5
1533 25
1534 69
1535 13
1536 9
1537 16
1538 37
1539 57
1540 102
1541 36
1542 51
1543 13
1544 15
1545 4
1546 12
1547 71
1548 51
1549 11
1550 15
1551 1
1552 15
1553 4
1554 38
1555 16
1556 0
1557 3
1558 2
1559 0
1560 1
1561 25
1562 8
1563 12
1564 43
1565 3
1566 8
1567 11
1568 15
1569 15
1570 2
1571 0
1572 1
1573 127
1574 19
1575 5
1576 1
1577 1
1578 11
1579 1
1580 0
1581 1
1582 36
1583 21
1584 0
1585 60
1586 39
1587 9
1588 0
1589 3
1590 2
1591 2
1592 6
1593 0
1594 7
1595 5
1596 0
1597 1
1598 11
1599 44
1600 15
1601 1
1602 3
1603 13
1604 11
1605 4
1606 49
1607 55
1608 26
1609 88
1610 13
1611 35
1612 11
1613 1
1614 3
1615 7
1616 1
1617 15
1618 36
1619 1
1620 23
1621 1
1622 13
1623 5
1624 3
1625 3
1626 5
1627 7
1628 38
1629 18
1630 0
1631 2
1632 3
1633 4
1634 5
1635 5
1636 5
1637 20
1638 5
1639 45
1640 15
1641 9
1642 21
1643 18
1644 8
1645 4
1646 39
1647 174
1648 9
1649 2
1650 0
1651 5
1652 16
1653 2
1654 3
1655 13
1656 50
1657 3
1658 43
1659 9
1660 13
1661 22
1662 6
1663 35
1664 6
1665 7
1666 3
1667 8
1668 0
1669 41
1670 20
1671 53
1672 0
1673 18
1674 12
1675 12
1676 12
1677 3
1678 8
1679 1
1680 56
1681 2
1682 5
1683 3
1684 3
1685 15
1686 0
1687 4
1688 17
1689 20
1690 134
1691 5
1692 0
1693 5
1694 5
1695 2
1696 19
1697 2
1698 79
1699 48
1700 27
1701 17
1702 90
1703 27
1704 27
1705 16
1706 0
1707 1
1708 0
1709 3
1710 2
1711 21
1712 15
1713 9
1714 0
1715 1
1716 7
1717 6
1718 3
1719 2
1720 15
1721 14
1722 40
1723 6
1724 19
1725 1
1726 35
1727 1
1728 6
1729 54
1730 16
1731 325
1732 2
1733 1
1734 3
1735 2
1736 0
1737 37
1738 4
1739 4
1740 22
1741 12
1742 6
1743 3
1744 4
1745 6
1746 7
1747 2
1748 11
1749 6
1750 4
1751 11
1752 6
1753 4
1754 3
1755 6
1756 28
1757 1
1758 3
1759 12
1760 5
1761 26
1762 1
1763 27
1764 10
1765 0
1766 49
1767 49
1768 9
1769 23
1770 65
1771 63
1772 21
1773 32
1774 29
1775 80
1776 78
1777 45
1778 46
1779 35
1780 32
1781 15
1782 2
1783 2
1784 0
1785 11
1786 21
1787 7
1788 2
1789 5
1790 2
1791 1
1792 10
1793 3
1794 0
1795 7
1796 1
1797 1
1798 1
1799 31
1800 20
1801 57
1802 33
1803 54
1804 42
1805 50
1806 2
1807 7
1808 6
1809 4
1810 0
1811 0
1812 31
1813 79
1814 2
1815 3
1816 1
1817 56
1818 5
1819 0
1820 21
1821 1
1822 1
1823 14
1824 1
1825 10
1826 37
1827 1
1828 8
1829 39
1830 56
1831 78
1832 70
1833 20
1834 5
1835 9
1836 7
1837 25
1838 11
1839 5
1840 26
1841 9
1842 65
1843 22
1844 18
1845 41
1846 0
1847 0
1848 134
1849 33
1850 32
1851 8
1852 14
1853 14
1854 2
1855 31
1856 10
1857 16
1858 1
1859 4
1860 0
1861 1
1862 6
1863 0
1864 5
1865 1
1866 31
1867 9
1868 2
1869 9
1870 15
1871 12
1872 11
1873 145
1874 6
1875 7
1876 11
1877 40
1878 3
1879 4
1880 1
1881 1
1882 25
1883 13
1884 0
1885 4
1886 1
1887 1
1888 28
1889 15
1890 0
1891 7
1892 2
1893 0
1894 1
1895 8
1896 2
1897 1
1898 3
1899 0
1900 45
1901 14
1902 29
1903 35
1904 15
1905 1
1906 2
1907 23
1908 29
1909 8
1910 13
1911 9
1912 1
1913 6
1914 103
1915 3
1916 14
1917 14
1918 66
1919 6
1920 3
1921 4
1922 3
1923 10
1924 3
1925 27
1926 0
1927 8
1928 2
1929 18
1930 29
1931 7
1932 142
1933 21
1934 41
1935 3
1936 1
1937 1
1938 5
1939 0
1940 0
1941 7
1942 1
1943 5
1944 10
1945 13
1946 45
1947 2
1948 13
1949 202
1950 1
1951 31
1952 4
1953 5
1954 3
1955 1
1956 5
1957 11
1958 17
1959 0
1960 36
1961 3
1962 3
1963 0
1964 1
1965 8
1966 3
1967 3
1968 18
1969 5
1970 27
1971 1
1972 45
1973 382
1974 43
1975 1
1976 4
1977 6
1978 6
1979 3
1980 3
1981 3
1982 60
1983 57
1984 7
1985 3
1986 3
1987 1
1988 20
1989 15
1990 4
1991 5
1992 3
1993 1
1994 0
1995 1
1996 0
1997 5
1998 4
1999 2
2000 1
2001 19
2002 92
2003 22
2004 1
2005 5
2006 4
2007 36
2008 33
2009 12
2010 68
2011 27
2012 2
2013 3
2014 32
2015 0
2016 5
2017 6
2018 0
2019 0
2020 7
2021 32
2022 15
2023 1
2024 34
2025 1
2026 0
2027 1
2028 1
2029 9
2030 8
2031 29
2032 1
2033 0
2034 1
2035 0
2036 71
2037 22
2038 17
2039 33
2040 153
2041 70
2042 47
2043 20
2044 18
2045 38
2046 37
2047 6
2048 0
2049 15
2050 11
2051 65
2052 14
2053 18
2054 7
2055 14
2056 1
2057 2
2058 4
2059 5
2060 3
2061 2
2062 20
2063 7
2064 1
2065 10
2066 12
2067 24
2068 0
2069 31
2070 2
2071 8
2072 4
2073 6
2074 3
2075 0
2076 1
2077 4
2078 1
2079 5
2080 14
2081 41
2082 59
2083 2
2084 4
2085 1
2086 1
2087 20
2088 3
2089 11
2090 2
2091 8
2092 6
2093 7
2094 5
2095 28
2096 14
2097 10
2098 24
2099 1
2100 13
2101 0
2102 2
2103 4
2104 1
2105 1
2106 10
2107 1
2108 20
2109 12
2110 16
2111 31
2112 17
2113 20
2114 1
2115 28
2116 114
2117 7
2118 3
2119 17
2120 3
2121 33
2122 24
2123 26
2124 38
2125 11
2126 1
2127 2
2128 2
2129 1
2130 0
2131 1
2132 1
2133 15
2134 16
2135 10
2136 6
2137 10
2138 6
2139 19
2140 19
2141 1
2142 5
2143 19
2144 8
2145 10
2146 4
2147 20
2148 5
2149 3
2150 1
2151 4
2152 36
2153 20
2154 57
2155 22
2156 59
2157 17
2158 7
2159 12
2160 2
2161 3
2162 5
2163 60
2164 5
2165 6
2166 4
2167 0
2168 15
2169 18
2170 2
2171 5
2172 3
2173 10
2174 94
2175 6
2176 14
2177 10
2178 70
2179 12
2180 0
2181 103
2182 38
2183 36
2184 1
2185 24
2186 1
2187 14
2188 1
2189 3
2190 60
2191 10
2192 12
2193 6
2194 4
2195 6
2196 0
2197 1
2198 10
2199 3
2200 3
2201 14
2202 62
2203 8
2204 74
2205 21
2206 21
2207 38
2208 12
2209 2
2210 6
2211 0
2212 16
2213 3
2214 4
2215 0
2216 1
2217 3
2218 2
2219 0
2220 1
2221 20
2222 28
2223 2
2224 1
2225 10
2226 9
2227 1
2228 3
2229 10
2230 28
2231 3
2232 33
2233 8
2234 1
2235 27
2236 0
2237 1
2238 1
2239 8
2240 0
2241 1
2242 31
2243 9
2244 5
2245 24
2246 34
2247 41
2248 5
2249 0
2250 0
2251 41
2252 46
2253 120
2254 18
2255 0
2256 11
2257 10
2258 4
2259 1
2260 33
2261 204
2262 51
2263 22
2264 3
2265 1
2266 50
2267 19
2268 1
2269 12
2270 1
2271 13
2272 19
2273 16
2274 2
2275 44
2276 10
2277 1
2278 2
2279 5
2280 46
2281 6
2282 27
2283 16
2284 5
2285 395
2286 1
2287 10
2288 46
2289 15
2290 9
2291 2
2292 136
2293 2
2294 2
2295 4
2296 12
2297 7
2298 18
2299 10
2300 4
2301 1
2302 3
2303 6
2304 1
2305 22
2306 13
2307 0
2308 9
2309 208
2310 0
2311 1
2312 75
2313 117
2314 56
2315 31
2316 14
2317 1
2318 1
2319 4
2320 1
2321 6
2322 5
2323 10
2324 22
2325 22
2326 6
2327 13
2328 12
2329 2
2330 22
2331 9
2332 16
2333 1
2334 42
2335 17
2336 7
2337 2
2338 1
2339 38
2340 24
2341 20
2342 42
2343 16
2344 18
2345 17
2346 16
2347 9
2348 4
2349 2
2350 1
2351 46
2352 101
2353 29
2354 12
2355 8
2356 2
2357 16
2358 0
2359 5
2360 2
2361 1
2362 34
2363 56
2364 4
2365 3
2366 2
2367 2
2368 0
2369 4
2370 43
2371 1
2372 2
2373 15
2374 0
2375 3
2376 11
2377 20
2378 14
2379 11
2380 59
2381 21
2382 14
2383 4
2384 12
2385 68
2386 9
2387 1
2388 5
2389 6
2390 22
2391 4
2392 43
2393 21
2394 9
2395 26
2396 1
2397 1
2398 4
2399 21
2400 4
2401 13
2402 1
2403 12
2404 3
2405 2
2406 3
2407 20
2408 8
2409 19
2410 1
2411 3
2412 8
2413 35
2414 3
2415 1
2416 6
2417 7
2418 8
2419 3
2420 6
2421 14
2422 11
2423 27
2424 1
2425 27
2426 23
2427 43
2428 95
2429 11
2430 5
2431 1
2432 2
2433 1
2434 7
2435 7
2436 12
2437 3
2438 4
2439 5
2440 1
2441 1
2442 1
2443 5
2444 2
2445 0
2446 0
2447 44
2448 2
2449 3
2450 4
2451 6
2452 4
2453 56
2454 15
2455 33
2456 110
2457 26
2458 20
2459 5
2460 11
2461 14
2462 49
2463 1
2464 48
2465 37
2466 1
2467 2
2468 11
2469 5
2470 5
2471 27
2472 12
2473 0
2474 14
2475 29
2476 64
2477 11
2478 1
2479 14
2480 1
2481 21
2482 6
2483 0
2484 6
2485 1
2486 5
2487 0
2488 5
2489 18
2490 5
2491 0
2492 15
2493 5
2494 1
2495 0
2496 17
2497 121
2498 4
2499 21
2500 6
2501 7
2502 0
2503 4
2504 27
2505 31
2506 0
2507 23
2508 20
2509 3
2510 34
2511 18
2512 3
2513 2
2514 17
2515 8
2516 12
2517 2
2518 59
2519 70
2520 16
2521 129
2522 0
2523 0
2524 35
2525 51
2526 18
2527 20
2528 2
2529 6
2530 11
2531 7
2532 4
2533 1
2534 2
2535 7
2536 1
2537 7
2538 10
2539 6
2540 0
2541 5
2542 0
2543 20
2544 2
2545 15
2546 1
2547 5
2548 6
2549 17
2550 16
2551 5
2552 11
2553 28
2554 3
2555 1
2556 28
2557 7
2558 8
2559 79
2560 7
2561 38
2562 1
2563 1
2564 3
2565 46
2566 14
2567 37
2568 8
2569 3
2570 29
2571 3
2572 8
2573 9
2574 10
2575 26
2576 9
2577 57
2578 1
2579 24
2580 68
2581 17
2582 6
2583 10
2584 9
2585 1
2586 4
2587 0
2588 1
2589 0
2590 0
2591 0
2592 15
2593 5
2594 4
2595 10
2596 11
2597 5
2598 1
2599 4
2600 205
2601 58
2602 54
2603 9
2604 6
2605 0
2606 8
2607 1
2608 21
2609 2
2610 0
2611 5
2612 13
2613 7
2614 10
2615 2
2616 15
2617 4
2618 6
2619 3
2620 0
2621 13
2622 1
2623 5
2624 35
2625 64
2626 18
2627 17
2628 16
2629 10
2630 19
2631 6
2632 8
2633 2
2634 2
2635 1
2636 5
2637 0
2638 14
2639 16
2640 10
2641 10
2642 22
2643 6
2644 4
2645 9
2646 3
2647 1
2648 5
2649 3
2650 20
2651 2
2652 4
2653 0
2654 43
2655 4
2656 0
2657 1
2658 21
2659 1
2660 2
2661 4
2662 1
2663 5
2664 40
2665 12
2666 10
2667 21
2668 2
2669 20
2670 5
2671 0
2672 2
2673 13
2674 19
2675 1
2676 12
2677 32
2678 14
2679 70
2680 12
2681 20
2682 37
2683 65
2684 0
2685 5
2686 0
2687 168
2688 15
2689 7
2690 1
2691 12
2692 5
2693 0
2694 4
2695 1
2696 44
2697 23
2698 13
2699 1
2700 5
2701 2
2702 7
2703 17
2704 49
2705 7
2706 2
2707 62
2708 37
2709 17
2710 9
2711 5
2712 8
2713 6
2714 10
2715 6
2716 3
2717 13
2718 67
2719 13
2720 19
2721 1
2722 4
2723 0
2724 13
2725 35
2726 1
2727 53
2728 22
2729 3
2730 5
2731 12
2732 0
2733 2
2734 2
2735 9
2736 5
2737 9
2738 40
2739 0
2740 2
2741 14
2742 118
2743 4
2744 4
2745 0
2746 49
2747 10
2748 3
2749 3
2750 93
2751 2
2752 13
2753 15
2754 22
2755 15
2756 0
2757 1
2758 3
2759 65
2760 5
2761 9
2762 18
2763 8
2764 10
2765 23
2766 1
2767 1
2768 16
2769 0
2770 9
2771 26
2772 17
2773 26
2774 22
2775 15
2776 10
2777 10
2778 28
2779 9
2780 5
2781 1
2782 120
2783 50
2784 1
2785 1
2786 11
2787 5
2788 5
2789 2
2790 3
2791 10
2792 0
2793 8
2794 30
2795 33
2796 5
2797 3
2798 1
2799 12
2800 44
2801 11
2802 21
2803 4
2804 1
2805 6
2806 0
2807 2
2808 50
2809 4
2810 11
2811 0
2812 19
2813 17
2814 8
2815 35
2816 19
2817 25
2818 24
2819 12
2820 30
2821 11
2822 19
2823 19
2824 125
2825 126
2826 0
2827 0
2828 2
2829 12
2830 17
2831 25
2832 17
2833 19
2834 2
2835 1
2836 32
2837 2
2838 5
2839 5
2840 11
2841 20
2842 1
2843 6
2844 25
2845 13
2846 5
2847 14
2848 21
2849 12
2850 45
2851 13
2852 34
2853 135
2854 12
2855 11
2856 5
2857 41
2858 1
2859 4
2860 11
2861 109
2862 7
2863 0
2864 6
2865 1
2866 4
2867 12
2868 49
2869 3
2870 3
2871 4
2872 0
2873 2
2874 0
2875 0
2876 19
2877 1
2878 11
2879 7
2880 3
2881 1
2882 16
2883 3
2884 6
2885 9
2886 0
2887 1
2888 1
2889 125
2890 133
2891 19
2892 95
2893 25
2894 14
2895 14
2896 15
2897 2
2898 14
2899 1
2900 6
2901 3
2902 17
2903 12
2904 7
2905 13
2906 24
2907 114
2908 5
2909 1
2910 0
2911 20
2912 5
2913 7
2914 4
2915 37
2916 17
2917 38
2918 4
2919 17
2920 1
2921 44
2922 90
2923 35
2924 1
2925 10
2926 1
2927 24
2928 10
2929 4
2930 4
2931 0
2932 46
2933 2
2934 9
2935 1
2936 1
2937 3
2938 1
2939 20
2940 1
2941 1
2942 3
2943 24
2944 80
2945 7
2946 11
2947 4
2948 17
2949 7
2950 26
2951 8
2952 8
2953 3
2954 63
2955 19
2956 34
2957 29
2958 140
2959 39
2960 1
2961 59
2962 0
2963 5
2964 6
2965 1
2966 30
2967 0
2968 3
2969 6
2970 9
2971 1
2972 2
2973 7
2974 9
2975 0
2976 15
2977 9
2978 2
2979 0
2980 12
2981 1
2982 0
2983 3
2984 3
2985 0
2986 1
2987 4
2988 2
2989 34
2990 3
2991 4
2992 56
2993 128
2994 15
2995 135
2996 9
2997 12
2998 11
2999 5
3000 3
3001 12
3002 9
3003 9
3004 4
3005 2
3006 3
3007 6
3008 9
3009 23
3010 10
3011 1
3012 3
3013 8
3014 1
3015 2
3016 4
3017 4
3018 7
3019 10
3020 2
3021 4
3022 33
3023 11
3024 26
3025 7
3026 7
3027 48
3028 22
3029 10
3030 9
3031 7
3032 4
3033 25
3034 28
3035 4
3036 6
3037 3
3038 2
3039 7
3040 20
3041 0
3042 0
3043 7
3044 19
3045 2
3046 3
3047 9
3048 0
3049 10
3050 0
3051 0
3052 8
3053 0
3054 6
3055 23
3056 1
3057 8
3058 11
3059 27
3060 21
3061 7
3062 6
3063 1
3064 4
3065 8
3066 5
3067 7
3068 1
3069 0
3070 38
3071 5
3072 3
3073 17
3074 20
3075 38
3076 7
3077 22
3078 0
3079 16
3080 29
3081 62
3082 25
3083 3
3084 5
3085 7
3086 1
3087 12
3088 3
3089 1
3090 1
3091 2
3092 11
3093 20
3094 5
3095 21
3096 27
3097 3
3098 128
3099 3
3100 13
3101 26
3102 1
3103 3
3104 23
3105 26
3106 3
3107 26
3108 9
3109 12
3110 38
3111 10
3112 3
3113 18
3114 27
3115 5
3116 9
3117 8
3118 55
3119 28
3120 4
3121 138
3122 3
3123 2
3124 6
3125 0
3126 74
3127 68
3128 22
3129 10
3130 0
3131 5
3132 4
3133 5
3134 17
3135 5
3136 28
3137 8
3138 4
3139 6
3140 43
3141 4
3142 2
3143 1
3144 0
3145 7
3146 19
3147 39
3148 3
3149 1
3150 24
3151 1
3152 2
3153 27
3154 12
3155 27
3156 19
3157 8
3158 3
3159 6
3160 2
3161 7
3162 4
3163 15
3164 3
3165 9
3166 10
3167 5
3168 3
3169 0
3170 1
3171 3
3172 5
3173 54
3174 3
3175 1
3176 7
3177 2
3178 1
3179 0
3180 0
3181 3
3182 5
3183 188
3184 124
3185 73
3186 9
3187 32
3188 8
3189 23
3190 18
3191 14
3192 8
3193 0
3194 34
3195 4
3196 1
3197 10
3198 19
3199 3
3200 4
3201 2
3202 43
3203 33
3204 5
3205 5
3206 3
3207 5
3208 90
3209 39
3210 4
3211 104
3212 136
3213 14
3214 0
3215 64
3216 9
3217 17
3218 5
3219 16
3220 1
3221 18
3222 8
3223 1
3224 1
3225 13
3226 4
3227 0
3228 3
3229 1
3230 4
3231 5
3232 6
3233 7
3234 30
3235 8
3236 217
3237 3
3238 6
3239 5
3240 36
3241 22
3242 20
3243 21
3244 1
3245 27
3246 1
3247 8
3248 33
3249 98
3250 24
3251 16
3252 20
3253 62
3254 29
3255 3
3256 0
3257 211
3258 96
3259 0
3260 2
3261 230
3262 24
3263 50
3264 4
3265 1
3266 6
3267 3
3268 29
3269 4
3270 0
3271 15
3272 17
3273 7
3274 8
3275 6
3276 3
3277 5
3278 3
3279 21
3280 15
3281 8
3282 13
3283 4
3284 13
3285 5
3286 8
3287 39
3288 16
3289 24
3290 7
3291 37
3292 24
3293 26
3294 3
3295 7
3296 6
3297 68
3298 16
3299 2
3300 0
3301 5
3302 16
3303 14
3304 13
3305 4
3306 7
3307 11
3308 16
3309 6
3310 20
3311 3
3312 6
3313 7
3314 3
3315 2
3316 12
3317 3
3318 2
3319 1
3320 8
3321 16
3322 32
3323 13
3324 16
3325 4
3326 18
3327 5
3328 220
3329 52
3330 114
3331 81
3332 8
3333 54
3334 26
3335 37
3336 2
3337 1
3338 0
3339 17
3340 15
3341 6
3342 8
3343 0
3344 5
3345 1
3346 64
3347 16
3348 97
3349 35
3350 7
3351 8
3352 1
3353 28
3354 0
3355 1
3356 150
3357 12
3358 23
3359 7
3360 128
3361 15
3362 15
3363 12
3364 35
3365 39
3366 0
3367 6
3368 53
3369 1
3370 3
3371 2
3372 3
3373 0
3374 1
3375 2
3376 6
3377 2
3378 81
3379 10
3380 10
3381 10
3382 12
3383 2
3384 4
3385 5
3386 5
3387 7
3388 0
3389 14
3390 15
3391 4
3392 7
3393 45
3394 28
3395 32
3396 2
3397 0
3398 12
3399 21
3400 9
3401 9
3402 0
3403 3
3404 4
3405 2
3406 29
3407 44
3408 15
3409 19
3410 138
3411 140
3412 74
3413 7
3414 3
3415 10
3416 11
3417 145
3418 28
3419 14
3420 14
3421 4
3422 14
3423 5
3424 1
3425 17
3426 5
3427 5
3428 1
3429 0
3430 2
3431 1
3432 4
3433 2
3434 7
3435 6
3436 7
3437 1
3438 1
3439 4
3440 4
3441 3
3442 4
3443 19
3444 18
3445 9
3446 1
3447 20
3448 15
3449 0
3450 13
3451 13
3452 57
3453 13
3454 43
3455 2
3456 18
3457 7
3458 16
3459 15
3460 10
3461 10
3462 112
3463 24
3464 2
3465 7
3466 8
3467 6
3468 49
3469 7
3470 6
3471 14
3472 8
3473 1
3474 4
3475 14
3476 40
3477 108
3478 21
3479 1
3480 16
3481 2
3482 1
3483 4
3484 6
3485 5
3486 2
3487 75
3488 41
3489 8
3490 24
3491 53
3492 24
3493 16
3494 13
3495 4
3496 4
3497 1
3498 62
3499 2
3500 10
3501 15
3502 18
3503 20
3504 6
3505 0
3506 19
3507 49
3508 11
3509 22
3510 1
3511 9
3512 15
3513 2
3514 6
3515 6
3516 0
3517 7
3518 42
3519 0
3520 6
3521 5
3522 16
3523 1
3524 2
3525 27
3526 1
3527 4
3528 61
3529 5
3530 1
3531 5
3532 4
3533 8
3534 3
3535 75
3536 33
3537 25
3538 22
3539 12
3540 8
3541 47
3542 40
3543 17
3544 16
3545 31
3546 6
3547 11
3548 9
3549 37
3550 11
3551 11
3552 3
3553 0
3554 1
3555 5
3556 12
3557 1
3558 4
3559 3
3560 2
3561 21
3562 18
3563 14
3564 5
3565 7
3566 38
3567 14
3568 40
3569 2
3570 29
3571 15
3572 24
3573 9
3574 42
3575 7
3576 17
3577 13
3578 9
3579 18
3580 4
3581 2
3582 8
3583 54
3584 2
3585 85
3586 9
3587 6
3588 3
3589 4
3590 0
3591 17
3592 7
3593 0
3594 5
3595 0
3596 1
3597 3
3598 15
3599 17
3600 123
3601 276
3602 22
3603 4
3604 2
3605 2
3606 44
3607 15
3608 4
3609 15
3610 0
3611 7
3612 3
3613 1
3614 30
3615 4
3616 4
3617 10
3618 23
3619 4
3620 235
3621 37
3622 1
3623 18
3624 15
3625 14
3626 53
3627 2
3628 30
3629 5
3630 38
3631 20
3632 0
3633 5
3634 18
3635 1
3636 1
3637 4
3638 5
3639 30
3640 10
3641 61
3642 47
3643 38
3644 55
3645 150
3646 65
3647 10
3648 32
3649 25
3650 6
3651 4
3652 1
3653 1
3654 0
3655 10
3656 87
3657 9
3658 1
3659 5
3660 9
3661 1
3662 9
3663 1
3664 13
3665 3
3666 5
3667 5
3668 23
3669 6
3670 35
3671 33
3672 35
3673 1
3674 1
3675 11
3676 3
3677 4
3678 13
3679 5
3680 3
3681 1
3682 13
3683 7
3684 1
3685 34
3686 14
3687 2
3688 2
3689 13
3690 29
3691 0
3692 6
3693 7
3694 6
3695 2
3696 21
3697 19
3698 11
3699 69
3700 5
3701 2
3702 17
3703 2
3704 5
3705 11
3706 19
3707 30
3708 19
3709 15
3710 13
3711 8
3712 10
3713 22
3714 43
3715 4
3716 5
3717 181
3718 5
3719 3
3720 7
3721 6
3722 2
3723 23
3724 29
3725 0
3726 0
3727 15
3728 24
3729 0
3730 2
3731 0
3732 1
3733 49
3734 23
3735 17
3736 2
3737 3
3738 11
3739 5
3740 4
3741 2
3742 19
3743 6
3744 6
3745 1
3746 10
3747 1
3748 20
3749 3
3750 2
3751 17
3752 0
3753 8
3754 9
3755 17
3756 38
3757 23
3758 21
3759 79
3760 14
3761 11
3762 1
3763 20
3764 2
3765 17
3766 7
3767 4
3768 4
3769 10
3770 8
3771 0
3772 4
3773 132
3774 13
3775 7
3776 8
3777 18
3778 0
3779 17
3780 6
3781 6
3782 2
3783 82
3784 10
3785 7
3786 2
3787 11
3788 14
3789 115
3790 17
3791 20
3792 3
3793 5
3794 1
3795 32
3796 6
3797 7
3798 51
3799 126
3800 5
3801 2
3802 14
3803 0
3804 0
3805 5
3806 2
3807 0
3808 33
3809 13
3810 17
3811 27
3812 2
3813 4
3814 15
3815 26
3816 1
3817 4
3818 1
3819 10
3820 30
3821 7
3822 24
3823 23
3824 2
3825 4
3826 12
3827 6
3828 19
3829 14
3830 5
3831 9
3832 45
3833 40
3834 57
3835 2
3836 18
3837 2
3838 9
3839 3
3840 8
3841 0
3842 132
3843 11
3844 25
3845 9
3846 4
3847 2
3848 13
3849 19
3850 35
3851 10
3852 10
3853 9
3854 42
3855 11
3856 17
3857 5
3858 11
3859 128
3860 18
3861 8
3862 1
3863 3
3864 9
3865 2
3866 8
3867 93
3868 5
3869 7
3870 0
3871 1
3872 1
3873 1
3874 1
3875 2
3876 0
3877 2
3878 0
3879 6
3880 1
3881 1
3882 36
3883 2
3884 1
3885 0
3886 9
3887 4
3888 2
3889 2
3890 3
3891 4
3892 4
3893 4
3894 1
3895 2
3896 0
3897 19
3898 1
3899 6
3900 1
3901 6
3902 6
3903 4
3904 0
3905 10
3906 4
3907 8
3908 3
3909 0
3910 2
3911 0
3912 1
3913 0
3914 5
3915 0
3916 0
3917 0
3918 5
3919 0
3920 1
3921 1
3922 1
3923 0
3924 1
3925 0
3926 1
3927 4
3928 4
3929 5
3930 0
3931 5
3932 5
3933 6
3934 0
3935 2
3936 3
3937 0
3938 0
3939 4
3940 0
3941 0
3942 3
3943 1
3944 16
3945 5
3946 11
3947 1
3948 0
3949 2
3950 2
3951 5
3952 1
3953 1
3954 0
3955 2
3956 1
3957 1
3958 2
3959 0
3960 2
3961 0
3962 5
3963 2
3964 1
3965 1
3966 1
3967 2
3968 18
3969 1
3970 4
3971 12
3972 3
3973 0
3974 6
3975 1
3976 4
3977 2
3978 0
3979 0
3980 0
3981 1
3982 1
3983 5
3984 0
3985 24
3986 2
3987 4
3988 1
3989 6
3990 0
3991 0
3992 1
3993 7
3994 0
3995 0
3996 3
3997 19
3998 20
3999 3
4000 6
4001 5
4002 0
4003 0
4004 56
4005 2
4006 6
4007 32
4008 1
4009 0
4010 1
4011 2
4012 1
4013 3
4014 0
4015 0
4016 2
4017 1
4018 2
4019 5
4020 2
4021 1
4022 0
4023 2
4024 0
4025 19
4026 0
4027 2
4028 5
4029 2
4030 1
4031 25
4032 1
4033 2
4034 3
4035 1
4036 2
4037 20
4038 0
4039 6
4040 0
4041 35
4042 4
4043 1
4044 3
4045 3
4046 4
4047 4
4048 0
4049 2
4050 1
4051 5
4052 3
4053 0
4054 4
4055 3
4056 15
4057 3
4058 2
4059 3
4060 3
4061 0
4062 0
4063 1
4064 1
4065 0
4066 1
4067 0
4068 3
4069 6
4070 1
4071 3
4072 1
4073 0
4074 3
4075 4
4076 0
4077 1
4078 3
4079 33
4080 3
4081 0
4082 2
4083 7
4084 1
4085 0
4086 0
4087 0
4088 6
4089 1
4090 1
4091 0
4092 0
4093 1
4094 5
4095 2
4096 0
4097 3
4098 2
4099 23
4100 1
4101 1
4102 1
4103 1
4104 5
4105 1
4106 2
4107 0
4108 2
4109 2
4110 4
4111 1
4112 0
4113 8
4114 0
4115 1
4116 2
4117 1
4118 0
4119 2
4120 0
4121 4
4122 0
4123 1
4124 7
4125 3
4126 8
4127 1
4128 0
4129 0
4130 7
4131 8
4132 2
4133 3
4134 3
4135 1
4136 12
4137 0
4138 9
4139 3
4140 4
4141 1
4142 1
4143 2
4144 4
4145 5
4146 1
4147 13
4148 3
4149 4
4150 5
4151 0
4152 1
4153 0
4154 2
4155 0
4156 2
4157 6
4158 2
4159 1
4160 3
4161 2
4162 0
4163 1
4164 4
4165 7
4166 17
4167 4
4168 6
4169 1
4170 2
4171 0
4172 1
4173 3
4174 2
4175 9
4176 3
4177 0
4178 1
4179 0
4180 4
4181 2
4182 0
4183 0
4184 9
4185 2
4186 5
4187 1
4188 8
4189 3
4190 9
4191 0
4192 1
4193 2
4194 3
4195 113
4196 1
4197 2
4198 1
4199 1
4200 1
4201 13
4202 0
4203 0
4204 16
4205 0
4206 2
4207 1
4208 1
4209 0
4210 20
4211 2
4212 5
4213 0
4214 1
4215 0
4216 3
4217 1
4218 1
4219 1
4220 1
4221 3
4222 9
4223 2
4224 0
4225 1
4226 0
4227 6
4228 5
4229 1
4230 2
4231 0
4232 4
4233 0
4234 1
4235 4
4236 3
4237 2
4238 1
4239 2
4240 0
4241 1
4242 0
4243 0
4244 23
4245 2
4246 1
4247 0
4248 1
4249 5
4250 0
4251 2
4252 0
4253 3
4254 1
4255 3
4256 0
4257 1
4258 3
4259 6
4260 1
4261 1
4262 3
4263 0
4264 0
4265 9
4266 0
4267 4
4268 8
4269 3
4270 0
4271 2
4272 0
4273 9
4274 0
4275 7
4276 3
4277 1
4278 1
4279 0
4280 1
4281 5
4282 0
4283 7
4284 3
4285 2
4286 2
4287 22
4288 1
4289 1
4290 5
4291 0
4292 5
4293 0
4294 4
4295 6
4296 0
4297 4
4298 1
4299 3
4300 1
4301 5
4302 0
4303 0
4304 0
4305 4
4306 0
4307 0
4308 12
4309 4
4310 3
4311 5
4312 8
4313 18
4314 6
4315 4
4316 1
4317 6
4318 2
4319 0
4320 1
4321 1
4322 3
4323 4
4324 0
4325 0
4326 1
4327 0
4328 1
4329 2
4330 1
4331 1
4332 1
4333 2
4334 0
4335 3
4336 5
4337 4
4338 5
4339 6
4340 0
4341 1
4342 14
4343 1
4344 2
4345 2
4346 1
4347 4
4348 5
4349 15
4350 2
4351 3
4352 1
4353 20
4354 5
4355 5
4356 1
4357 0
4358 3
4359 4
4360 15
4361 6
4362 4
4363 3
4364 4
4365 0
4366 0
4367 0
4368 1
4369 1
4370 9
4371 2
4372 0
4373 0
4374 1
4375 13
4376 5
4377 4
4378 10
4379 1
4380 0
4381 4
4382 4
4383 13
4384 8
4385 8
4386 4
4387 4
4388 3
4389 2
4390 10
4391 0
4392 6
4393 2
4394 1
4395 0
4396 2
4397 11
4398 1
4399 2
4400 1
4401 43
4402 10
4403 4
4404 1
4405 0
4406 17
4407 0
4408 4
4409 0
4410 14
4411 6
4412 8
4413 3
4414 4
4415 6
4416 11
4417 1
4418 2
4419 1
4420 2
4421 13
4422 1
4423 9
4424 7
4425 9
4426 0
4427 1
4428 5
4429 5
4430 0
4431 2
4432 2
4433 1
4434 1
4435 3
4436 1
4437 3
4438 1
4439 13
4440 8
4441 15
4442 3
4443 4
4444 1
4445 3
4446 2
4447 1
4448 1
4449 4
4450 0
4451 0
4452 0
4453 1
4454 3
4455 0
4456 8
4457 0
4458 2
4459 0
4460 0
4461 3
4462 1
4463 3
4464 0
4465 2
4466 4
4467 15
4468 0
4469 1
4470 2
4471 3
4472 4
4473 0
4474 0
4475 2
4476 2
4477 1
4478 1
4479 9
4480 2
4481 1
4482 3
4483 2
4484 7
4485 3
4486 2
4487 4
4488 1
4489 0
4490 2
4491 0
4492 0
4493 0
4494 20
4495 24
4496 1
4497 1
4498 2
4499 2
4500 3
4501 0
4502 3
4503 1
4504 0
4505 1
4506 2
4507 1
4508 4
4509 0
4510 1
4511 11
4512 37
4513 0
4514 1
4515 5
4516 0
4517 0
4518 0
4519 6
4520 1
4521 22
4522 1
4523 5
4524 2
4525 3
4526 2
4527 1
4528 7
4529 5
4530 2
4531 4
4532 1
4533 0
4534 0
4535 3
4536 6
4537 0
4538 3
4539 1
4540 3
4541 3
4542 3
4543 2
4544 0
4545 2
4546 15
4547 2
4548 3
4549 12
4550 0
4551 7
4552 1
4553 4
4554 9
4555 0
4556 4
4557 2
4558 3
4559 1
4560 2
4561 1
4562 7
4563 18
4564 0
4565 0
4566 1
4567 5
4568 45
4569 2
4570 4
4571 4
4572 6
4573 39
4574 2
4575 1
4576 0
4577 1
4578 0
4579 21
4580 10
4581 4
4582 3
4583 1
4584 2
4585 7
4586 2
4587 0
4588 1
4589 3
4590 0
4591 0
4592 7
4593 2
4594 1
4595 0
4596 0
4597 3
4598 0
4599 0
4600 0
4601 12
4602 6
4603 4
4604 3
4605 3
4606 0
4607 3
4608 3
4609 4
4610 1
4611 1
4612 9
4613 5
4614 0
4615 1
4616 9
4617 1
4618 1
4619 7
4620 2
4621 3
4622 5
4623 5
4624 21
4625 22
4626 1
4627 0
4628 3
4629 1
4630 2
4631 0
4632 1
4633 1
4634 0
4635 1
4636 4
4637 1
4638 0
4639 3
4640 9
4641 2
4642 3
4643 2
4644 0
4645 5
4646 0
4647 1
4648 28
4649 3
4650 1
4651 1
4652 2
4653 10
4654 0
4655 2
4656 1
4657 2
4658 0
4659 1
4660 0
4661 1
4662 2
4663 2
4664 1
4665 0
4666 1
4667 3
4668 1
4669 2
4670 3
4671 4
4672 2
4673 1
4674 0
4675 1
4676 8
4677 2
4678 0
4679 4
4680 0
4681 1
4682 14
4683 62
4684 6
4685 0
4686 1
4687 2
4688 1
4689 1
4690 2
4691 0
4692 2
4693 2
4694 6
4695 3
4696 0
4697 7
4698 4
4699 11
4700 3
4701 2
4702 7
4703 1
4704 4
4705 1
4706 0
4707 4
4708 4
4709 5
4710 6
4711 0
4712 4
4713 9
4714 2
4715 2
4716 0
4717 2
4718 0
4719 1
4720 1
4721 3
4722 22
4723 1
4724 3
4725 1
4726 6
4727 1
4728 1
4729 2
4730 4
4731 2
4732 2
4733 0
4734 1
4735 2
4736 1
4737 5
4738 1
4739 1
4740 0
4741 10
4742 1
4743 2
4744 1
4745 3
4746 2
4747 9
4748 5
4749 1
4750 3
4751 0
4752 13
4753 6
4754 0
4755 3
4756 3
4757 5
4758 1
4759 0
4760 2
4761 1
4762 0
4763 2
4764 7
4765 1
4766 2
4767 4
4768 2
4769 1
4770 2
4771 0
4772 8
4773 2
4774 0
4775 5
4776 17
4777 5
4778 2
4779 33
4780 3
4781 9
4782 1
4783 0
4784 0
4785 2
4786 1
4787 0
4788 0
4789 3
4790 3
4791 4
4792 3
4793 0
4794 0
4795 3
4796 5
4797 1
4798 2
4799 4
4800 3
4801 2
4802 1
4803 4
4804 10
4805 2
4806 3
4807 0
4808 11
4809 12
4810 4
4811 3
4812 11
4813 10
4814 3
4815 1
4816 115
4817 3
4818 5
4819 0
4820 3
4821 1
4822 2
4823 11
4824 22
4825 0
4826 2
4827 4
4828 3
4829 10
4830 2
4831 20
4832 2
4833 6
4834 1
4835 0
4836 1
4837 2
4838 0
4839 3
4840 0
4841 0
4842 2
4843 2
4844 1
4845 2
4846 8
4847 7
4848 0
4849 0
4850 7
4851 1
4852 4
4853 5
4854 6
4855 2
4856 0
4857 3
4858 0
4859 8
4860 0
4861 6
4862 2
4863 4
4864 1
4865 3
4866 1
4867 1
4868 1
4869 1
4870 2
4871 0
4872 6
4873 18
4874 2
4875 1
4876 0
4877 2
4878 4
4879 4
4880 0
4881 0
4882 3
4883 13
4884 11
4885 4
4886 1
4887 3
4888 20
4889 4
4890 0
4891 2
4892 1
4893 0
4894 3
4895 2
4896 0
4897 5
4898 1
4899 0
4900 0
4901 0
4902 4
4903 3
4904 0
4905 2
4906 3
4907 1
4908 0
4909 0
4910 1
4911 10
4912 10
4913 3
4914 0
4915 0
4916 1
4917 3
4918 0
4919 4
4920 0
4921 2
4922 1
4923 3
4924 4
4925 1
4926 1
4927 11
4928 1
4929 0
4930 2
4931 1
4932 0
4933 10
4934 1
4935 6
4936 4
4937 5
4938 1
4939 2
4940 1
4941 6
4942 15
4943 10
4944 2
4945 4
4946 8
4947 3
4948 1
4949 2
4950 10
4951 7
4952 3
4953 3
4954 1
4955 1
4956 0
4957 1
4958 10
4959 29
4960 20
4961 42
4962 26
4963 3
4964 2
4965 0
4966 0
4967 3
4968 1
4969 1
4970 2
4971 3
4972 4
4973 0
4974 5
4975 5
4976 0
4977 2
4978 1
4979 1
4980 3
4981 3
4982 0
4983 0
4984 2
4985 0
4986 4
4987 1
4988 1
4989 0
4990 1
4991 7
4992 5
4993 0
4994 8
4995 4
4996 0
4997 2
4998 0
4999 4
5000 3
5001 3
5002 1
5003 6
5004 28
5005 2
5006 1
5007 1
5008 5
5009 0
5010 0
5011 1
5012 2
5013 5
5014 0
5015 3
5016 0
5017 7
5018 0
5019 13
5020 12
5021 2
5022 0
5023 2
5024 1
5025 3
5026 5
5027 3
5028 0
5029 4
5030 1
5031 73
5032 5
5033 3
5034 0
5035 3
5036 3
5037 5
5038 1
5039 11
5040 1
5041 4
5042 2
5043 1
5044 0
5045 2
5046 1
5047 1
5048 3
5049 0
5050 2
5051 3
5052 1
5053 1
5054 4
5055 1
5056 3
5057 12
5058 8
5059 8
5060 5
5061 5
5062 16
5063 3
5064 1
5065 7
5066 3
5067 0
5068 3
5069 3
5070 1
5071 2
5072 1
5073 4
5074 0
5075 4
5076 61
5077 1
5078 5
5079 0
5080 0
5081 2
5082 3
5083 34
5084 5
5085 0
5086 1
5087 4
5088 6
5089 2
5090 0
5091 0
5092 1
5093 3
5094 20
5095 17
5096 7
5097 19
5098 2
5099 8
5100 1
5101 0
5102 1
5103 1
5104 4
5105 8
5106 2
5107 0
5108 2
5109 1
5110 5
5111 0
5112 1
5113 3
5114 1
5115 1
5116 1
5117 2
5118 9
5119 2
5120 6
5121 0
5122 0
5123 3
5124 2
5125 9
5126 3
5127 0
5128 0
5129 1
5130 3
5131 1
5132 1
5133 4
5134 1
5135 0
5136 1
5137 1
5138 0
5139 0
5140 1
5141 3
5142 10
5143 2
5144 0
5145 44
5146 2
5147 1
5148 2
5149 1
5150 11
5151 0
5152 4
5153 5
5154 0
5155 0
5156 1
5157 10
5158 6
5159 0
5160 4
5161 1
5162 17
5163 2
5164 0
5165 2
5166 3
5167 5
5168 0
5169 1
5170 3
5171 9
5172 1
5173 6
5174 1
5175 2
5176 23
5177 2
5178 0
5179 5
5180 2
5181 2
5182 1
5183 3
5184 2
5185 6
5186 4
5187 12
5188 1
5189 1
5190 1
5191 0
5192 1
5193 6
5194 13
5195 5
5196 2
5197 1
5198 1
5199 1
5200 6
5201 11
5202 4
5203 11
5204 3
5205 3
5206 1
5207 1
5208 36
5209 26
5210 4
5211 0
5212 3
5213 6
5214 3
5215 1
5216 0
5217 1
5218 0
5219 1
5220 2
5221 5
5222 2
5223 1
5224 4
5225 7
5226 3
5227 0
5228 6
5229 0
5230 1
5231 2
5232 0
5233 0
5234 0
5235 2
5236 0
5237 1
5238 1
5239 2
5240 0
5241 4
5242 2
5243 5
5244 2
5245 0
5246 2
5247 7
5248 5
5249 0
5250 0
5251 1
5252 2
5253 0
5254 70
5255 49
5256 4
5257 0
5258 1
5259 1
5260 0
5261 1
5262 2
5263 2
5264 0
5265 4
5266 0
5267 1
5268 0
5269 1
5270 2
5271 1
5272 2
5273 2
5274 2
5275 23
5276 0
5277 3
5278 0
5279 18
5280 14
5281 2
5282 4
5283 1
5284 5
5285 1
5286 0
5287 0
5288 4
5289 10
5290 5
5291 3
5292 4
5293 0
5294 2
5295 3
5296 7
5297 40
5298 1
5299 6
5300 2
5301 0
5302 11
5303 3
5304 4
5305 2
5306 0
5307 8
5308 0
5309 4
5310 0
5311 1
5312 0
5313 2
5314 21
5315 0
5316 8
5317 0
5318 0
5319 0
5320 2
5321 4
5322 3
5323 4
5324 3
5325 0
5326 4
5327 0
5328 0
5329 0
5330 1
5331 6
5332 1
5333 0
5334 1
5335 4
5336 0
5337 0
5338 1
5339 3
5340 2
5341 12
5342 34
5343 0
5344 0
5345 6
5346 3
5347 1
5348 0
5349 2
5350 0
5351 2
5352 4
5353 1
5354 0
5355 2
5356 1
5357 4
5358 1
5359 1
5360 3
5361 0
5362 9
5363 2
5364 1
5365 4
5366 0
5367 0
5368 0
5369 6
5370 2
5371 2
5372 0
5373 1
5374 0
5375 5
5376 1
5377 5
5378 2
5379 1
5380 6
5381 3
5382 3
5383 1
5384 2
5385 5
5386 1
5387 1
5388 6
5389 5
5390 6
5391 1
5392 5
5393 51
5394 6
5395 3
5396 1
5397 1
5398 6
5399 1
5400 6
5401 3
5402 1
5403 0
5404 2
5405 0
5406 0
5407 1
5408 1
5409 84
5410 0
5411 5
5412 1
5413 1
5414 9
5415 6
5416 3
5417 3
5418 0
5419 11
5420 2
5421 1
5422 12
5423 50
5424 4
5425 0
5426 1
5427 10
5428 0
5429 0
5430 3
5431 1
5432 2
5433 1
5434 0
5435 5
5436 5
5437 6
5438 4
5439 1
5440 1
5441 2
5442 2
5443 1
5444 2
5445 7
5446 0
5447 13
5448 5
5449 13
5450 8
5451 0
5452 3
5453 0
5454 2
5455 4
5456 2
5457 0
5458 9
5459 2
5460 2
5461 15
5462 0
5463 0
5464 5
5465 10
5466 0
5467 12
5468 0
5469 0
5470 55
5471 5
5472 1
5473 4
5474 2
5475 2
5476 7
5477 1
5478 6
5479 3
5480 1
5481 2
5482 6
5483 2
5484 1
5485 33
5486 10
5487 1
5488 2
5489 0
5490 4
5491 1
5492 0
5493 2
5494 2
5495 6
5496 0
5497 0
5498 0
5499 1
5500 5
5501 0
5502 0
5503 0
5504 1
5505 3
5506 1
5507 3
5508 2
5509 0
5510 6
5511 6
5512 1
5513 20
5514 1
5515 0
5516 3
5517 3
5518 3
5519 4
5520 0
5521 2
5522 0
5523 16
5524 4
5525 0
5526 7
5527 1
5528 2
5529 0
5530 0
5531 7
5532 2
5533 3
5534 0
5535 1
5536 0
5537 0
5538 1
5539 2
5540 3
5541 3
5542 0
5543 30
5544 13
5545 1
5546 0
5547 2
5548 1
5549 8
5550 2
5551 0
5552 3
5553 3
5554 1
5555 38
5556 1
5557 6
5558 3
5559 1
5560 7
5561 104
5562 1
5563 1
5564 1
5565 2
5566 1
5567 1
5568 0
5569 2
5570 0
5571 19
5572 2
5573 2
5574 3
5575 3
5576 17
5577 2
5578 6
5579 3
5580 0
5581 6
5582 6
5583 1
5584 7
5585 0
5586 5
5587 5
5588 0
5589 2
5590 7
5591 0
5592 0
5593 1
5594 1
5595 4
5596 0
5597 12
5598 4
5599 1
5600 7
5601 1
5602 3
5603 9
5604 0
5605 1
5606 2
5607 1
5608 25
5609 0
5610 8
5611 2
5612 2
5613 1
5614 1
5615 4
5616 1
5617 0
5618 1
5619 4
5620 2
5621 6
5622 1
5623 2
5624 2
5625 3
5626 0
5627 14
5628 12
5629 1
5630 1
5631 3
5632 5
5633 1
5634 2
5635 3
5636 3
5637 9
5638 0
5639 10
5640 2
5641 0
5642 3
5643 0
5644 0
5645 1
5646 5
5647 0
5648 5
5649 5
5650 1
5651 4
5652 3
5653 4
5654 5
5655 2
5656 8
5657 0
5658 5
5659 2
5660 6
5661 3
5662 4
5663 1
5664 6
5665 0
5666 20
5667 1
5668 1
5669 2
5670 0
5671 0
5672 4
5673 1
5674 3
5675 5
5676 3
5677 3
5678 0
5679 1
5680 20
5681 2
5682 2
5683 11
5684 1
5685 1
5686 0
5687 12
5688 0
5689 0
5690 0
5691 1
5692 4
5693 1
5694 1
5695 2
5696 1
5697 0
5698 4
5699 1
5700 4
5701 3
5702 4
5703 0
5704 3
5705 2
5706 1
5707 1
5708 5
5709 10
5710 0
5711 0
5712 3
5713 1
5714 1
5715 2
5716 10
5717 25
5718 4
5719 9
5720 6
5721 1
5722 6
5723 11
5724 8
5725 7
5726 5
5727 5
5728 1
5729 2
5730 2
5731 2
5732 7
5733 1
5734 0
5735 0
5736 3
5737 1
5738 2
5739 3
5740 8
5741 2
5742 1
5743 0
5744 8
5745 2
5746 1
5747 42
5748 16
5749 2
5750 0
5751 6
5752 1
5753 3
5754 2
5755 0
5756 0
5757 8
5758 0
5759 3
5760 8
5761 2
5762 2
5763 1
5764 1
5765 1
5766 8
5767 2
5768 0
5769 0
5770 3
5771 4
5772 3
5773 1
5774 5
5775 3
5776 5
5777 4
5778 0
5779 0
5780 17
5781 10
5782 1
5783 0
5784 6
5785 2
5786 4
5787 8
5788 2
5789 2
5790 1
5791 3
5792 2
5793 38
5794 1
5795 2
5796 1
5797 14
5798 1
5799 2
5800 5
5801 1
5802 2
5803 0
5804 1
5805 0
5806 3
5807 3
5808 0
5809 2
5810 1
5811 4
5812 2
5813 2
5814 0
5815 0
5816 0
5817 0
5818 0
5819 1
5820 0
5821 3
5822 2
5823 1
5824 8
5825 0
5826 1
5827 10
5828 8
5829 1
5830 3
5831 0
5832 4
5833 8
5834 0
5835 6
5836 3
5837 0
5838 5
5839 0
5840 3
5841 7
5842 2
5843 5
5844 3
5845 0
5846 2
5847 2
5848 0
5849 0
5850 0
1 532
2 1396
3 585
4 297
5 288
6 673
7 513
8 1677
9 203
10 298
11 1062
12 232
13 401
14 138
15 689
16 289
17 748
18 838
19 279
20 342
21 1316
22 154
23 346
24 254
25 237
26 105
27 273
28 831
29 480
30 795
31 361
32 389
33 95
34 345
35 122
36 180
37 187
38 312
39 172
40 359
41 276
42 329
43 113
44 281
45 91
46 126
47 34
48 1204
49 397
50 27
51 55
52 327
53 272
54 158
55 42
56 83
57 232
58 65
59 71
60 77
61 126
62 63
63 375
64 574
65 48
66 377
67 500
68 184
69 114
70 78
71 116
72 75
73 91
74 34
75 125
76 37
77 45
78 95
79 42
80 172
81 90
82 33
83 311
84 101
85 143
86 175
87 59
88 297
89 544
90 99
91 47
92 388
93 407
94 57
95 118
96 12
97 14
98 617
99 186
100 45
101 1206
102 93
103 84
104 17
105 68
106 43
107 57
108 138
109 45
110 113
111 38
112 44
113 28
114 30
115 81
116 235
117 30
118 143
119 78
120 152
121 97
122 124
123 89
124 86
125 190
126 50
127 50
128 61
129 14
130 53
131 73
132 70
133 132
134 47
135 18
136 27
137 25
138 41
139 42
140 24
141 29
142 210
143 49
144 29
145 102
146 33
147 14
148 105
149 72
150 10
151 33
152 6
153 105
154 188
155 39
156 27
157 76
158 69
159 54
160 43
161 1
162 7
163 3
164 0
165 114
166 92
167 0
168 2
169 4
170 33
171 1
172 6
173 22
174 7
175 9
176 3
177 2
178 5
179 2
180 3
181 1
182 4
183 1
184 0
185 1
186 6
187 9
188 23
189 1
190 19
191 0
192 85
193 9
194 7
195 4
196 0
197 0
198 3
199 11
200 1
201 16
202 19
203 5
204 14
205 4
206 48
207 2
208 35
209 15
210 14
211 12
212 18
213 57
214 41
215 2
216 31
217 1
218 21
219 1
220 7
221 5
222 29
223 14
224 7
225 5
226 8
227 4
228 7
229 3
230 50
231 27
232 17
233 6
234 6
235 6
236 2
237 9
238 0
239 21
240 0
241 8
242 1
243 4
244 3
245 15
246 1
247 3
248 4
249 14
250 56
251 1
252 12
253 63
254 145
255 71
256 17
257 30
258 13
259 6
260 3
261 4
262 2
263 7
264 9
265 26
266 0
267 8
268 7
269 7
270 0
271 2
272 1
273 3
274 2
275 2
276 4
277 9
278 4
279 19
280 5
281 115
282 64
283 6
284 21
285 53
286 32
287 21
288 40
289 15
290 3
291 1
292 4
293 1
294 3
295 94
296 55
297 6
298 0
299 8
300 65
301 12
302 23
303 3
304 3
305 7
306 90
307 44
308 26
309 14
310 2
311 8
312 1
313 12
314 48
315 8
316 8
317 5
318 7
319 3
320 3
321 1
322 4
323 42
324 2
325 2
326 6
327 36
328 32
329 9
330 7
331 0
332 37
333 12
334 3
335 29
336 16
337 11
338 42
339 33
340 5
341 14
342 17
343 28
344 44
345 5
346 1
347 2
348 3
349 9
350 1
351 10
352 1
353 1
354 2
355 11
356 14
357 15
358 2
359 1
360 11
361 4
362 6
363 1
364 19
365 4
366 33
367 0
368 21
369 15
370 4
371 33
372 14
373 32
374 9
375 32
376 2
377 4
378 4
379 5
380 4
381 0
382 1
383 72
384 3
385 0
386 7
387 60
388 8
389 1
390 7
391 7
392 2
393 20
394 20
395 15
396 0
397 11
398 7
399 21
400 13
401 15
402 7
403 18
404 29
405 13
406 24
407 11
408 16
409 8
410 0
411 26
412 4
413 6
414 0
415 12
416 0
417 33
418 1
419 19
420 56
421 23
422 8
423 56
424 12
425 19
426 12
427 10
428 1
429 0
430 31
431 8
432 1
433 61
434 4
435 8
436 18
437 8
438 2
439 1
440 2
441 1
442 5
443 62
444 7
445 2
446 30
447 26
448 9
449 6
450 6
451 16
452 5
453 5
454 1
455 49
456 23
457 33
458 7
459 19
460 19
461 2
462 13
463 6
464 9
465 23
466 42
467 16
468 0
469 4
470 0
471 15
472 23
473 18
474 22
475 20
476 1
477 6
478 2
479 3
480 5
481 28
482 11
483 14
484 2
485 17
486 20
487 0
488 5
489 24
490 3
491 6
492 23
493 22
494 1
495 23
496 0
497 5
498 37
499 31
500 2
501 1
502 8
503 3
504 7
505 22
506 22
507 14
508 1
509 10
510 0
511 1
512 17
513 11
514 7
515 7
516 9
517 19
518 36
519 0
520 6
521 2
522 1
523 4
524 78
525 19
526 25
527 6
528 10
529 15
530 23
531 3
532 3
533 29
534 31
535 0
536 1
537 16
538 13
539 2
540 1
541 0
542 6
543 0
544 0
545 0
546 23
547 4
548 8
549 19
550 4
551 23
552 0
553 1
554 21
555 3
556 6
557 6
558 45
559 3
560 2
561 2
562 44
563 18
564 3
565 36
566 52
567 35
568 16
569 23
570 0
571 3
572 0
573 11
574 11
575 40
576 23
577 17
578 23
579 14
580 0
581 1
582 4
583 1
584 5
585 5
586 12
587 9
588 3
589 40
590 8
591 21
592 17
593 2
594 20
595 5
596 32
597 1
598 4
599 4
600 27
601 1
602 2
603 1
604 46
605 6
606 0
607 0
608 0
609 2
610 2
611 7
612 2
613 27
614 2
615 5
616 2
617 15
618 67
619 102
620 6
621 4
622 15
623 1
624 15
625 7
626 1
627 8
628 10
629 4
630 23
631 6
632 40
633 28
634 35
635 12
636 2
637 4
638 9
639 7
640 7
641 36
642 25
643 25
644 63
645 13
646 28
647 1
648 19
649 2
650 91
651 161
652 3
653 0
654 7
655 2
656 1
657 1
658 3
659 0
660 8
661 18
662 32
663 14
664 4
665 9
666 11
667 7
668 7
669 34
670 54
671 4
672 7
673 5
674 5
675 3
676 1
677 5
678 3
679 1
680 10
681 25
682 2
683 157
684 9
685 19
686 22
687 3
688 15
689 88
690 89
691 19
692 3
693 0
694 8
695 8
696 6
697 5
698 2
699 1
700 0
701 6
702 13
703 0
704 2
705 16
706 6
707 13
708 14
709 10
710 3
711 0
712 15
713 1
714 8
715 10
716 1
717 1
718 6
719 1
720 11
721 36
722 172
723 56
724 68
725 56
726 44
727 4
728 11
729 8
730 4
731 4
732 30
733 86
734 8
735 7
736 8
737 3
738 3
739 6
740 3
741 1
742 3
743 8
744 29
745 41
746 20
747 43
748 4
749 1
750 8
751 3
752 2
753 2
754 1
755 9
756 0
757 1
758 7
759 28
760 15
761 13
762 14
763 1
764 11
765 6
766 8
767 0
768 11
769 1
770 18
771 36
772 4
773 20
774 1
775 14
776 1
777 9
778 11
779 13
780 1
781 3
782 0
783 38
784 6
785 9
786 8
787 7
788 55
789 31
790 14
791 4
792 19
793 4
794 2
795 41
796 134
797 3
798 1
799 2
800 10
801 1
802 7
803 33
804 26
805 3
806 1
807 12
808 19
809 1
810 1
811 1
812 12
813 1
814 4
815 2
816 6
817 4
818 6
819 2
820 9
821 2
822 14
823 40
824 37
825 12
826 0
827 4
828 2
829 5
830 1
831 2
832 71
833 14
834 9
835 19
836 48
837 9
838 10
839 25
840 3
841 3
842 35
843 23
844 2
845 5
846 7
847 1
848 1
849 3
850 3
851 5
852 40
853 0
854 161
855 5
856 4
857 27
858 20
859 44
860 2
861 3
862 0
863 9
864 24
865 6
866 13
867 55
868 19
869 17
870 16
871 13
872 41
873 11
874 14
875 2
876 23
877 19
878 7
879 14
880 49
881 11
882 3
883 79
884 13
885 6
886 1
887 7
888 13
889 18
890 3
891 101
892 64
893 2
894 2
895 0
896 12
897 12
898 18
899 21
900 6
901 32
902 37
903 44
904 25
905 4
906 0
907 4
908 12
909 2
910 16
911 6
912 9
913 63
914 41
915 47
916 5
917 5
918 2
919 11
920 18
921 10
922 1
923 5
924 3
925 5
926 12
927 1
928 38
929 23
930 20
931 3
932 2
933 3
934 20
935 11
936 0
937 4
938 24
939 26
940 23
941 19
942 34
943 34
944 31
945 13
946 2
947 38
948 9
949 25
950 6
951 4
952 38
953 12
954 0
955 19
956 0
957 3
958 2
959 19
960 5
961 2
962 0
963 4
964 3
965 0
966 88
967 1
968 2
969 2
970 1
971 0
972 19
973 5
974 1
975 2
976 11
977 9
978 13
979 29
980 3
981 4
982 4
983 0
984 21
985 24
986 15
987 1
988 10
989 20
990 37
991 5
992 7
993 7
994 14
995 0
996 6
997 0
998 3
999 10
1000 8
1001 0
1002 31
1003 2
1004 0
1005 1
1006 7
1007 2
1008 48
1009 0
1010 6
1011 9
1012 9
1013 54
1014 3
1015 6
1016 7
1017 1
1018 0
1019 6
1020 1
1021 0
1022 16
1023 3
1024 7
1025 29
1026 0
1027 6
1028 9
1029 33
1030 1
1031 42
1032 14
1033 76
1034 68
1035 62
1036 45
1037 35
1038 19
1039 27
1040 21
1041 0
1042 3
1043 8
1044 4
1045 5
1046 2
1047 1
1048 44
1049 8
1050 12
1051 12
1052 20
1053 83
1054 32
1055 4
1056 3
1057 1
1058 10
1059 1
1060 19
1061 9
1062 5
1063 1
1064 6
1065 4
1066 36
1067 6
1068 7
1069 9
1070 5
1071 13
1072 77
1073 245
1074 4
1075 0
1076 3
1077 7
1078 12
1079 14
1080 10
1081 18
1082 7
1083 7
1084 149
1085 31
1086 5
1087 16
1088 8
1089 16
1090 8
1091 3
1092 2
1093 3
1094 4
1095 3
1096 7
1097 17
1098 7
1099 7
1100 6
1101 30
1102 3
1103 19
1104 5
1105 29
1106 1
1107 14
1108 3
1109 39
1110 40
1111 26
1112 17
1113 71
1114 7
1115 7
1116 1
1117 20
1118 21
1119 9
1120 0
1121 28
1122 5
1123 12
1124 1
1125 2
1126 1
1127 5
1128 12
1129 0
1130 31
1131 11
1132 8
1133 10
1134 2
1135 3
1136 40
1137 1
1138 1
1139 1
1140 3
1141 15
1142 11
1143 19
1144 16
1145 50
1146 23
1147 22
1148 14
1149 5
1150 8
1151 8
1152 4
1153 4
1154 18
1155 5
1156 2
1157 1
1158 36
1159 8
1160 2
1161 2
1162 3
1163 3
1164 9
1165 18
1166 2
1167 37
1168 11
1169 10
1170 2
1171 7
1172 6
1173 6
1174 31
1175 87
1176 1
1177 3
1178 15
1179 0
1180 3
1181 7
1182 1
1183 13
1184 24
1185 9
1186 10
1187 0
1188 85
1189 24
1190 39
1191 38
1192 10
1193 3
1194 0
1195 18
1196 1
1197 27
1198 22
1199 12
1200 35
1201 1
1202 8
1203 9
1204 2
1205 0
1206 4
1207 0
1208 29
1209 23
1210 5
1211 2
1212 0
1213 33
1214 3
1215 2
1216 6
1217 0
1218 6
1219 25
1220 15
1221 9
1222 13
1223 22
1224 129
1225 15
1226 0
1227 2
1228 1
1229 0
1230 1
1231 2
1232 22
1233 11
1234 1
1235 18
1236 22
1237 82
1238 20
1239 4
1240 1
1241 3
1242 1
1243 3
1244 99
1245 1
1246 0
1247 21
1248 22
1249 0
1250 22
1251 4
1252 59
1253 22
1254 29
1255 1
1256 14
1257 11
1258 73
1259 0
1260 4
1261 11
1262 19
1263 4
1264 1
1265 9
1266 17
1267 5
1268 2
1269 66
1270 249
1271 16
1272 16
1273 1
1274 0
1275 43
1276 31
1277 22
1278 2
1279 12
1280 6
1281 11
1282 62
1283 6
1284 0
1285 10
1286 8
1287 5
1288 13
1289 2
1290 9
1291 20
1292 14
1293 8
1294 2
1295 5
1296 2
1297 2
1298 19
1299 57
1300 4
1301 15
1302 2
1303 5
1304 19
1305 11
1306 1
1307 2
1308 4
1309 5
1310 8
1311 52
1312 7
1313 6
1314 319
1315 23
1316 62
1317 53
1318 55
1319 14
1320 1
1321 1
1322 4
1323 26
1324 5
1325 1
1326 16
1327 3
1328 110
1329 21
1330 1
1331 1
1332 34
1333 46
1334 36
1335 12
1336 4
1337 12
1338 0
1339 1
1340 0
1341 2
1342 1
1343 25
1344 0
1345 2
1346 3
1347 12
1348 10
1349 2
1350 1
1351 0
1352 3
1353 3
1354 3
1355 4
1356 6
1357 5
1358 9
1359 18
1360 16
1361 2
1362 65
1363 36
1364 27
1365 17
1366 9
1367 16
1368 26
1369 1
1370 4
1371 8
1372 3
1373 7
1374 8
1375 3
1376 1
1377 36
1378 3
1379 2
1380 2
1381 5
1382 9
1383 0
1384 2
1385 4
1386 46
1387 97
1388 28
1389 5
1390 4
1391 1
1392 13
1393 1
1394 1
1395 10
1396 3
1397 16
1398 5
1399 1
1400 15
1401 16
1402 13
1403 18
1404 31
1405 12
1406 2
1407 4
1408 2
1409 8
1410 4
1411 154
1412 28
1413 1
1414 2
1415 9
1416 2
1417 10
1418 18
1419 18
1420 0
1421 1
1422 3
1423 2
1424 1
1425 0
1426 8
1427 19
1428 5
1429 2
1430 6
1431 2
1432 41
1433 9
1434 14
1435 11
1436 15
1437 1
1438 10
1439 7
1440 3
1441 0
1442 20
1443 3
1444 12
1445 3
1446 1
1447 6
1448 10
1449 2
1450 9
1451 19
1452 8
1453 6
1454 2
1455 2
1456 7
1457 0
1458 10
1459 3
1460 1
1461 9
1462 20
1463 8
1464 6
1465 1
1466 5
1467 2
1468 8
1469 5
1470 1
1471 82
1472 7
1473 45
1474 183
1475 97
1476 63
1477 2
1478 1
1479 3
1480 8
1481 15
1482 2
1483 0
1484 19
1485 51
1486 18
1487 2
1488 2
1489 0
1490 2
1491 4
1492 0
1493 1
1494 11
1495 4
1496 2
1497 7
1498 1
1499 17
1500 15
1501 18
1502 6
1503 10
1504 103
1505 3
1506 0
1507 1
1508 4
1509 2
1510 18
1511 3
1512 7
1513 2
1514 17
1515 6
1516 1
1517 3
1518 15
1519 0
1520 13
1521 11
1522 8
1523 2
1524 10
1525 118
1526 25
1527 40
1528 18
1529 41
1530 9
1531 7
1532 5
1533 25
1534 69
1535 13
1536 9
1537 16
1538 37
1539 57
1540 102
1541 36
1542 51
1543 13
1544 15
1545 4
1546 12
1547 71
1548 51
1549 11
1550 15
1551 1
1552 15
1553 4
1554 38
1555 16
1556 0
1557 3
1558 2
1559 0
1560 1
1561 25
1562 8
1563 12
1564 43
1565 3
1566 8
1567 11
1568 15
1569 15
1570 2
1571 0
1572 1
1573 127
1574 19
1575 5
1576 1
1577 1
1578 11
1579 1
1580 0
1581 1
1582 36
1583 21
1584 0
1585 60
1586 39
1587 9
1588 0
1589 3
1590 2
1591 2
1592 6
1593 0
1594 7
1595 5
1596 0
1597 1
1598 11
1599 44
1600 15
1601 1
1602 3
1603 13
1604 11
1605 4
1606 49
1607 55
1608 26
1609 88
1610 13
1611 35
1612 11
1613 1
1614 3
1615 7
1616 1
1617 15
1618 36
1619 1
1620 23
1621 1
1622 13
1623 5
1624 3
1625 3
1626 5
1627 7
1628 38
1629 18
1630 0
1631 2
1632 3
1633 4
1634 5
1635 5
1636 5
1637 20
1638 5
1639 45
1640 15
1641 9
1642 21
1643 18
1644 8
1645 4
1646 39
1647 174
1648 9
1649 2
1650 0
1651 5
1652 16
1653 2
1654 3
1655 13
1656 50
1657 3
1658 43
1659 9
1660 13
1661 22
1662 6
1663 35
1664 6
1665 7
1666 3
1667 8
1668 0
1669 41
1670 20
1671 53
1672 0
1673 18
1674 12
1675 12
1676 12
1677 3
1678 8
1679 1
1680 56
1681 2
1682 5
1683 3
1684 3
1685 15
1686 0
1687 4
1688 17
1689 20
1690 134
1691 5
1692 0
1693 5
1694 5
1695 2
1696 19
1697 2
1698 79
1699 48
1700 27
1701 17
1702 90
1703 27
1704 27
1705 16
1706 0
1707 1
1708 0
1709 3
1710 2
1711 21
1712 15
1713 9
1714 0
1715 1
1716 7
1717 6
1718 3
1719 2
1720 15
1721 14
1722 40
1723 6
1724 19
1725 1
1726 35
1727 1
1728 6
1729 54
1730 16
1731 325
1732 2
1733 1
1734 3
1735 2
1736 0
1737 37
1738 4
1739 4
1740 22
1741 12
1742 6
1743 3
1744 4
1745 6
1746 7
1747 2
1748 11
1749 6
1750 4
1751 11
1752 6
1753 4
1754 3
1755 6
1756 28
1757 1
1758 3
1759 12
1760 5
1761 26
1762 1
1763 27
1764 10
1765 0
1766 49
1767 49
1768 9
1769 23
1770 65
1771 63
1772 21
1773 32
1774 29
1775 80
1776 78
1777 45
1778 46
1779 35
1780 32
1781 15
1782 2
1783 2
1784 0
1785 11
1786 21
1787 7
1788 2
1789 5
1790 2
1791 1
1792 10
1793 3
1794 0
1795 7
1796 1
1797 1
1798 1
1799 31
1800 20
1801 57
1802 33
1803 54
1804 42
1805 50
1806 2
1807 7
1808 6
1809 4
1810 0
1811 0
1812 31
1813 79
1814 2
1815 3
1816 1
1817 56
1818 5
1819 0
1820 21
1821 1
1822 1
1823 14
1824 1
1825 10
1826 37
1827 1
1828 8
1829 39
1830 56
1831 78
1832 70
1833 20
1834 5
1835 9
1836 7
1837 25
1838 11
1839 5
1840 26
1841 9
1842 65
1843 22
1844 18
1845 41
1846 0
1847 0
1848 134
1849 33
1850 32
1851 8
1852 14
1853 14
1854 2
1855 31
1856 10
1857 16
1858 1
1859 4
1860 0
1861 1
1862 6
1863 0
1864 5
1865 1
1866 31
1867 9
1868 2
1869 9
1870 15
1871 12
1872 11
1873 145
1874 6
1875 7
1876 11
1877 40
1878 3
1879 4
1880 1
1881 1
1882 25
1883 13
1884 0
1885 4
1886 1
1887 1
1888 28
1889 15
1890 0
1891 7
1892 2
1893 0
1894 1
1895 8
1896 2
1897 1
1898 3
1899 0
1900 45
1901 14
1902 29
1903 35
1904 15
1905 1
1906 2
1907 23
1908 29
1909 8
1910 13
1911 9
1912 1
1913 6
1914 103
1915 3
1916 14
1917 14
1918 66
1919 6
1920 3
1921 4
1922 3
1923 10
1924 3
1925 27
1926 0
1927 8
1928 2
1929 18
1930 29
1931 7
1932 142
1933 21
1934 41
1935 3
1936 1
1937 1
1938 5
1939 0
1940 0
1941 7
1942 1
1943 5
1944 10
1945 13
1946 45
1947 2
1948 13
1949 202
1950 1
1951 31
1952 4
1953 5
1954 3
1955 1
1956 5
1957 11
1958 17
1959 0
1960 36
1961 3
1962 3
1963 0
1964 1
1965 8
1966 3
1967 3
1968 18
1969 5
1970 27
1971 1
1972 45
1973 382
1974 43
1975 1
1976 4
1977 6
1978 6
1979 3
1980 3
1981 3
1982 60
1983 57
1984 7
1985 3
1986 3
1987 1
1988 20
1989 15
1990 4
1991 5
1992 3
1993 1
1994 0
1995 1
1996 0
1997 5
1998 4
1999 2
2000 1
2001 19
2002 92
2003 22
2004 1
2005 5
2006 4
2007 36
2008 33
2009 12
2010 68
2011 27
2012 2
2013 3
2014 32
2015 0
2016 5
2017 6
2018 0
2019 0
2020 7
2021 32
2022 15
2023 1
2024 34
2025 1
2026 0
2027 1
2028 1
2029 9
2030 8
2031 29
2032 1
2033 0
2034 1
2035 0
2036 71
2037 22
2038 17
2039 33
2040 153
2041 70
2042 47
2043 20
2044 18
2045 38
2046 37
2047 6
2048 0
2049 15
2050 11
2051 65
2052 14
2053 18
2054 7
2055 14
2056 1
2057 2
2058 4
2059 5
2060 3
2061 2
2062 20
2063 7
2064 1
2065 10
2066 12
2067 24
2068 0
2069 31
2070 2
2071 8
2072 4
2073 6
2074 3
2075 0
2076 1
2077 4
2078 1
2079 5
2080 14
2081 41
2082 59
2083 2
2084 4
2085 1
2086 1
2087 20
2088 3
2089 11
2090 2
2091 8
2092 6
2093 7
2094 5
2095 28
2096 14
2097 10
2098 24
2099 1
2100 13
2101 0
2102 2
2103 4
2104 1
2105 1
2106 10
2107 1
2108 20
2109 12
2110 16
2111 31
2112 17
2113 20
2114 1
2115 28
2116 114
2117 7
2118 3
2119 17
2120 3
2121 33
2122 24
2123 26
2124 38
2125 11
2126 1
2127 2
2128 2
2129 1
2130 0
2131 1
2132 1
2133 15
2134 16
2135 10
2136 6
2137 10
2138 6
2139 19
2140 19
2141 1
2142 5
2143 19
2144 8
2145 10
2146 4
2147 20
2148 5
2149 3
2150 1
2151 4
2152 36
2153 20
2154 57
2155 22
2156 59
2157 17
2158 7
2159 12
2160 2
2161 3
2162 5
2163 60
2164 5
2165 6
2166 4
2167 0
2168 15
2169 18
2170 2
2171 5
2172 3
2173 10
2174 94
2175 6
2176 14
2177 10
2178 70
2179 12
2180 0
2181 103
2182 38
2183 36
2184 1
2185 24
2186 1
2187 14
2188 1
2189 3
2190 60
2191 10
2192 12
2193 6
2194 4
2195 6
2196 0
2197 1
2198 10
2199 3
2200 3
2201 14
2202 62
2203 8
2204 74
2205 21
2206 21
2207 38
2208 12
2209 2
2210 6
2211 0
2212 16
2213 3
2214 4
2215 0
2216 1
2217 3
2218 2
2219 0
2220 1
2221 20
2222 28
2223 2
2224 1
2225 10
2226 9
2227 1
2228 3
2229 10
2230 28
2231 3
2232 33
2233 8
2234 1
2235 27
2236 0
2237 1
2238 1
2239 8
2240 0
2241 1
2242 31
2243 9
2244 5
2245 24
2246 34
2247 41
2248 5
2249 0
2250 0
2251 41
2252 46
2253 120
2254 18
2255 0
2256 11
2257 10
2258 4
2259 1
2260 33
2261 204
2262 51
2263 22
2264 3
2265 1
2266 50
2267 19
2268 1
2269 12
2270 1
2271 13
2272 19
2273 16
2274 2
2275 44
2276 10
2277 1
2278 2
2279 5
2280 46
2281 6
2282 27
2283 16
2284 5
2285 395
2286 1
2287 10
2288 46
2289 15
2290 9
2291 2
2292 136
2293 2
2294 2
2295 4
2296 12
2297 7
2298 18
2299 10
2300 4
2301 1
2302 3
2303 6
2304 1
2305 22
2306 13
2307 0
2308 9
2309 208
2310 0
2311 1
2312 75
2313 117
2314 56
2315 31
2316 14
2317 1
2318 1
2319 4
2320 1
2321 6
2322 5
2323 10
2324 22
2325 22
2326 6
2327 13
2328 12
2329 2
2330 22
2331 9
2332 16
2333 1
2334 42
2335 17
2336 7
2337 2
2338 1
2339 38
2340 24
2341 20
2342 42
2343 16
2344 18
2345 17
2346 16
2347 9
2348 4
2349 2
2350 1
2351 46
2352 101
2353 29
2354 12
2355 8
2356 2
2357 16
2358 0
2359 5
2360 2
2361 1
2362 34
2363 56
2364 4
2365 3
2366 2
2367 2
2368 0
2369 4
2370 43
2371 1
2372 2
2373 15
2374 0
2375 3
2376 11
2377 20
2378 14
2379 11
2380 59
2381 21
2382 14
2383 4
2384 12
2385 68
2386 9
2387 1
2388 5
2389 6
2390 22
2391 4
2392 43
2393 21
2394 9
2395 26
2396 1
2397 1
2398 4
2399 21
2400 4
2401 13
2402 1
2403 12
2404 3
2405 2
2406 3
2407 20
2408 8
2409 19
2410 1
2411 3
2412 8
2413 35
2414 3
2415 1
2416 6
2417 7
2418 8
2419 3
2420 6
2421 14
2422 11
2423 27
2424 1
2425 27
2426 23
2427 43
2428 95
2429 11
2430 5
2431 1
2432 2
2433 1
2434 7
2435 7
2436 12
2437 3
2438 4
2439 5
2440 1
2441 1
2442 1
2443 5
2444 2
2445 0
2446 0
2447 44
2448 2
2449 3
2450 4
2451 6
2452 4
2453 56
2454 15
2455 33
2456 110
2457 26
2458 20
2459 5
2460 11
2461 14
2462 49
2463 1
2464 48
2465 37
2466 1
2467 2
2468 11
2469 5
2470 5
2471 27
2472 12
2473 0
2474 14
2475 29
2476 64
2477 11
2478 1
2479 14
2480 1
2481 21
2482 6
2483 0
2484 6
2485 1
2486 5
2487 0
2488 5
2489 18
2490 5
2491 0
2492 15
2493 5
2494 1
2495 0
2496 17
2497 121
2498 4
2499 21
2500 6
2501 7
2502 0
2503 4
2504 27
2505 31
2506 0
2507 23
2508 20
2509 3
2510 34
2511 18
2512 3
2513 2
2514 17
2515 8
2516 12
2517 2
2518 59
2519 70
2520 16
2521 129
2522 0
2523 0
2524 35
2525 51
2526 18
2527 20
2528 2
2529 6
2530 11
2531 7
2532 4
2533 1
2534 2
2535 7
2536 1
2537 7
2538 10
2539 6
2540 0
2541 5
2542 0
2543 20
2544 2
2545 15
2546 1
2547 5
2548 6
2549 17
2550 16
2551 5
2552 11
2553 28
2554 3
2555 1
2556 28
2557 7
2558 8
2559 79
2560 7
2561 38
2562 1
2563 1
2564 3
2565 46
2566 14
2567 37
2568 8
2569 3
2570 29
2571 3
2572 8
2573 9
2574 10
2575 26
2576 9
2577 57
2578 1
2579 24
2580 68
2581 17
2582 6
2583 10
2584 9
2585 1
2586 4
2587 0
2588 1
2589 0
2590 0
2591 0
2592 15
2593 5
2594 4
2595 10
2596 11
2597 5
2598 1
2599 4
2600 205
2601 58
2602 54
2603 9
2604 6
2605 0
2606 8
2607 1
2608 21
2609 2
2610 0
2611 5
2612 13
2613 7
2614 10
2615 2
2616 15
2617 4
2618 6
2619 3
2620 0
2621 13
2622 1
2623 5
2624 35
2625 64
2626 18
2627 17
2628 16
2629 10
2630 19
2631 6
2632 8
2633 2
2634 2
2635 1
2636 5
2637 0
2638 14
2639 16
2640 10
2641 10
2642 22
2643 6
2644 4
2645 9
2646 3
2647 1
2648 5
2649 3
2650 20
2651 2
2652 4
2653 0
2654 43
2655 4
2656 0
2657 1
2658 21
2659 1
2660 2
2661 4
2662 1
2663 5
2664 40
2665 12
2666 10
2667 21
2668 2
2669 20
2670 5
2671 0
2672 2
2673 13
2674 19
2675 1
2676 12
2677 32
2678 14
2679 70
2680 12
2681 20
2682 37
2683 65
2684 0
2685 5
2686 0
2687 168
2688 15
2689 7
2690 1
2691 12
2692 5
2693 0
2694 4
2695 1
2696 44
2697 23
2698 13
2699 1
2700 5
2701 2
2702 7
2703 17
2704 49
2705 7
2706 2
2707 62
2708 37
2709 17
2710 9
2711 5
2712 8
2713 6
2714 10
2715 6
2716 3
2717 13
2718 67
2719 13
2720 19
2721 1
2722 4
2723 0
2724 13
2725 35
2726 1
2727 53
2728 22
2729 3
2730 5
2731 12
2732 0
2733 2
2734 2
2735 9
2736 5
2737 9
2738 40
2739 0
2740 2
2741 14
2742 118
2743 4
2744 4
2745 0
2746 49
2747 10
2748 3
2749 3
2750 93
2751 2
2752 13
2753 15
2754 22
2755 15
2756 0
2757 1
2758 3
2759 65
2760 5
2761 9
2762 18
2763 8
2764 10
2765 23
2766 1
2767 1
2768 16
2769 0
2770 9
2771 26
2772 17
2773 26
2774 22
2775 15
2776 10
2777 10
2778 28
2779 9
2780 5
2781 1
2782 120
2783 50
2784 1
2785 1
2786 11
2787 5
2788 5
2789 2
2790 3
2791 10
2792 0
2793 8
2794 30
2795 33
2796 5
2797 3
2798 1
2799 12
2800 44
2801 11
2802 21
2803 4
2804 1
2805 6
2806 0
2807 2
2808 50
2809 4
2810 11
2811 0
2812 19
2813 17
2814 8
2815 35
2816 19
2817 25
2818 24
2819 12
2820 30
2821 11
2822 19
2823 19
2824 125
2825 126
2826 0
2827 0
2828 2
2829 12
2830 17
2831 25
2832 17
2833 19
2834 2
2835 1
2836 32
2837 2
2838 5
2839 5
2840 11
2841 20
2842 1
2843 6
2844 25
2845 13
2846 5
2847 14
2848 21
2849 12
2850 45
2851 13
2852 34
2853 135
2854 12
2855 11
2856 5
2857 41
2858 1
2859 4
2860 11
2861 109
2862 7
2863 0
2864 6
2865 1
2866 4
2867 12
2868 49
2869 3
2870 3
2871 4
2872 0
2873 2
2874 0
2875 0
2876 19
2877 1
2878 11
2879 7
2880 3
2881 1
2882 16
2883 3
2884 6
2885 9
2886 0
2887 1
2888 1
2889 125
2890 133
2891 19
2892 95
2893 25
2894 14
2895 14
2896 15
2897 2
2898 14
2899 1
2900 6
2901 3
2902 17
2903 12
2904 7
2905 13
2906 24
2907 114
2908 5
2909 1
2910 0
2911 20
2912 5
2913 7
2914 4
2915 37
2916 17
2917 38
2918 4
2919 17
2920 1
2921 44
2922 90
2923 35
2924 1
2925 10
2926 1
2927 24
2928 10
2929 4
2930 4
2931 0
2932 46
2933 2
2934 9
2935 1
2936 1
2937 3
2938 1
2939 20
2940 1
2941 1
2942 3
2943 24
2944 80
2945 7
2946 11
2947 4
2948 17
2949 7
2950 26
2951 8
2952 8
2953 3
2954 63
2955 19
2956 34
2957 29
2958 140
2959 39
2960 1
2961 59
2962 0
2963 5
2964 6
2965 1
2966 30
2967 0
2968 3
2969 6
2970 9
2971 1
2972 2
2973 7
2974 9
2975 0
2976 15
2977 9
2978 2
2979 0
2980 12
2981 1
2982 0
2983 3
2984 3
2985 0
2986 1
2987 4
2988 2
2989 34
2990 3
2991 4
2992 56
2993 128
2994 15
2995 135
2996 9
2997 12
2998 11
2999 5
3000 3
3001 12
3002 9
3003 9
3004 4
3005 2
3006 3
3007 6
3008 9
3009 23
3010 10
3011 1
3012 3
3013 8
3014 1
3015 2
3016 4
3017 4
3018 7
3019 10
3020 2
3021 4
3022 33
3023 11
3024 26
3025 7
3026 7
3027 48
3028 22
3029 10
3030 9
3031 7
3032 4
3033 25
3034 28
3035 4
3036 6
3037 3
3038 2
3039 7
3040 20
3041 0
3042 0
3043 7
3044 19
3045 2
3046 3
3047 9
3048 0
3049 10
3050 0
3051 0
3052 8
3053 0
3054 6
3055 23
3056 1
3057 8
3058 11
3059 27
3060 21
3061 7
3062 6
3063 1
3064 4
3065 8
3066 5
3067 7
3068 1
3069 0
3070 38
3071 5
3072 3
3073 17
3074 20
3075 38
3076 7
3077 22
3078 0
3079 16
3080 29
3081 62
3082 25
3083 3
3084 5
3085 7
3086 1
3087 12
3088 3
3089 1
3090 1
3091 2
3092 11
3093 20
3094 5
3095 21
3096 27
3097 3
3098 128
3099 3
3100 13
3101 26
3102 1
3103 3
3104 23
3105 26
3106 3
3107 26
3108 9
3109 12
3110 38
3111 10
3112 3
3113 18
3114 27
3115 5
3116 9
3117 8
3118 55
3119 28
3120 4
3121 138
3122 3
3123 2
3124 6
3125 0
3126 74
3127 68
3128 22
3129 10
3130 0
3131 5
3132 4
3133 5
3134 17
3135 5
3136 28
3137 8
3138 4
3139 6
3140 43
3141 4
3142 2
3143 1
3144 0
3145 7
3146 19
3147 39
3148 3
3149 1
3150 24
3151 1
3152 2
3153 27
3154 12
3155 27
3156 19
3157 8
3158 3
3159 6
3160 2
3161 7
3162 4
3163 15
3164 3
3165 9
3166 10
3167 5
3168 3
3169 0
3170 1
3171 3
3172 5
3173 54
3174 3
3175 1
3176 7
3177 2
3178 1
3179 0
3180 0
3181 3
3182 5
3183 188
3184 124
3185 73
3186 9
3187 32
3188 8
3189 23
3190 18
3191 14
3192 8
3193 0
3194 34
3195 4
3196 1
3197 10
3198 19
3199 3
3200 4
3201 2
3202 43
3203 33
3204 5
3205 5
3206 3
3207 5
3208 90
3209 39
3210 4
3211 104
3212 136
3213 14
3214 0
3215 64
3216 9
3217 17
3218 5
3219 16
3220 1
3221 18
3222 8
3223 1
3224 1
3225 13
3226 4
3227 0
3228 3
3229 1
3230 4
3231 5
3232 6
3233 7
3234 30
3235 8
3236 217
3237 3
3238 6
3239 5
3240 36
3241 22
3242 20
3243 21
3244 1
3245 27
3246 1
3247 8
3248 33
3249 98
3250 24
3251 16
3252 20
3253 62
3254 29
3255 3
3256 0
3257 211
3258 96
3259 0
3260 2
3261 230
3262 24
3263 50
3264 4
3265 1
3266 6
3267 3
3268 29
3269 4
3270 0
3271 15
3272 17
3273 7
3274 8
3275 6
3276 3
3277 5
3278 3
3279 21
3280 15
3281 8
3282 13
3283 4
3284 13
3285 5
3286 8
3287 39
3288 16
3289 24
3290 7
3291 37
3292 24
3293 26
3294 3
3295 7
3296 6
3297 68
3298 16
3299 2
3300 0
3301 5
3302 16
3303 14
3304 13
3305 4
3306 7
3307 11
3308 16
3309 6
3310 20
3311 3
3312 6
3313 7
3314 3
3315 2
3316 12
3317 3
3318 2
3319 1
3320 8
3321 16
3322 32
3323 13
3324 16
3325 4
3326 18
3327 5
3328 220
3329 52
3330 114
3331 81
3332 8
3333 54
3334 26
3335 37
3336 2
3337 1
3338 0
3339 17
3340 15
3341 6
3342 8
3343 0
3344 5
3345 1
3346 64
3347 16
3348 97
3349 35
3350 7
3351 8
3352 1
3353 28
3354 0
3355 1
3356 150
3357 12
3358 23
3359 7
3360 128
3361 15
3362 15
3363 12
3364 35
3365 39
3366 0
3367 6
3368 53
3369 1
3370 3
3371 2
3372 3
3373 0
3374 1
3375 2
3376 6
3377 2
3378 81
3379 10
3380 10
3381 10
3382 12
3383 2
3384 4
3385 5
3386 5
3387 7
3388 0
3389 14
3390 15
3391 4
3392 7
3393 45
3394 28
3395 32
3396 2
3397 0
3398 12
3399 21
3400 9
3401 9
3402 0
3403 3
3404 4
3405 2
3406 29
3407 44
3408 15
3409 19
3410 138
3411 140
3412 74
3413 7
3414 3
3415 10
3416 11
3417 145
3418 28
3419 14
3420 14
3421 4
3422 14
3423 5
3424 1
3425 17
3426 5
3427 5
3428 1
3429 0
3430 2
3431 1
3432 4
3433 2
3434 7
3435 6
3436 7
3437 1
3438 1
3439 4
3440 4
3441 3
3442 4
3443 19
3444 18
3445 9
3446 1
3447 20
3448 15
3449 0
3450 13
3451 13
3452 57
3453 13
3454 43
3455 2
3456 18
3457 7
3458 16
3459 15
3460 10
3461 10
3462 112
3463 24
3464 2
3465 7
3466 8
3467 6
3468 49
3469 7
3470 6
3471 14
3472 8
3473 1
3474 4
3475 14
3476 40
3477 108
3478 21
3479 1
3480 16
3481 2
3482 1
3483 4
3484 6
3485 5
3486 2
3487 75
3488 41
3489 8
3490 24
3491 53
3492 24
3493 16
3494 13
3495 4
3496 4
3497 1
3498 62
3499 2
3500 10
3501 15
3502 18
3503 20
3504 6
3505 0
3506 19
3507 49
3508 11
3509 22
3510 1
3511 9
3512 15
3513 2
3514 6
3515 6
3516 0
3517 7
3518 42
3519 0
3520 6
3521 5
3522 16
3523 1
3524 2
3525 27
3526 1
3527 4
3528 61
3529 5
3530 1
3531 5
3532 4
3533 8
3534 3
3535 75
3536 33
3537 25
3538 22
3539 12
3540 8
3541 47
3542 40
3543 17
3544 16
3545 31
3546 6
3547 11
3548 9
3549 37
3550 11
3551 11
3552 3
3553 0
3554 1
3555 5
3556 12
3557 1
3558 4
3559 3
3560 2
3561 21
3562 18
3563 14
3564 5
3565 7
3566 38
3567 14
3568 40
3569 2
3570 29
3571 15
3572 24
3573 9
3574 42
3575 7
3576 17
3577 13
3578 9
3579 18
3580 4
3581 2
3582 8
3583 54
3584 2
3585 85
3586 9
3587 6
3588 3
3589 4
3590 0
3591 17
3592 7
3593 0
3594 5
3595 0
3596 1
3597 3
3598 15
3599 17
3600 123
3601 276
3602 22
3603 4
3604 2
3605 2
3606 44
3607 15
3608 4
3609 15
3610 0
3611 7
3612 3
3613 1
3614 30
3615 4
3616 4
3617 10
3618 23
3619 4
3620 235
3621 37
3622 1
3623 18
3624 15
3625 14
3626 53
3627 2
3628 30
3629 5
3630 38
3631 20
3632 0
3633 5
3634 18
3635 1
3636 1
3637 4
3638 5
3639 30
3640 10
3641 61
3642 47
3643 38
3644 55
3645 150
3646 65
3647 10
3648 32
3649 25
3650 6
3651 4
3652 1
3653 1
3654 0
3655 10
3656 87
3657 9
3658 1
3659 5
3660 9
3661 1
3662 9
3663 1
3664 13
3665 3
3666 5
3667 5
3668 23
3669 6
3670 35
3671 33
3672 35
3673 1
3674 1
3675 11
3676 3
3677 4
3678 13
3679 5
3680 3
3681 1
3682 13
3683 7
3684 1
3685 34
3686 14
3687 2
3688 2
3689 13
3690 29
3691 0
3692 6
3693 7
3694 6
3695 2
3696 21
3697 19
3698 11
3699 69
3700 5
3701 2
3702 17
3703 2
3704 5
3705 11
3706 19
3707 30
3708 19
3709 15
3710 13
3711 8
3712 10
3713 22
3714 43
3715 4
3716 5
3717 181
3718 5
3719 3
3720 7
3721 6
3722 2
3723 23
3724 29
3725 0
3726 0
3727 15
3728 24
3729 0
3730 2
3731 0
3732 1
3733 49
3734 23
3735 17
3736 2
3737 3
3738 11
3739 5
3740 4
3741 2
3742 19
3743 6
3744 6
3745 1
3746 10
3747 1
3748 20
3749 3
3750 2
3751 17
3752 0
3753 8
3754 9
3755 17
3756 38
3757 23
3758 21
3759 79
3760 14
3761 11
3762 1
3763 20
3764 2
3765 17
3766 7
3767 4
3768 4
3769 10
3770 8
3771 0
3772 4
3773 132
3774 13
3775 7
3776 8
3777 18
3778 0
3779 17
3780 6
3781 6
3782 2
3783 82
3784 10
3785 7
3786 2
3787 11
3788 14
3789 115
3790 17
3791 20
3792 3
3793 5
3794 1
3795 32
3796 6
3797 7
3798 51
3799 126
3800 5
3801 2
3802 14
3803 0
3804 0
3805 5
3806 2
3807 0
3808 33
3809 13
3810 17
3811 27
3812 2
3813 4
3814 15
3815 26
3816 1
3817 4
3818 1
3819 10
3820 30
3821 7
3822 24
3823 23
3824 2
3825 4
3826 12
3827 6
3828 19
3829 14
3830 5
3831 9
3832 45
3833 40
3834 57
3835 2
3836 18
3837 2
3838 9
3839 3
3840 8
3841 0
3842 132
3843 11
3844 25
3845 9
3846 4
3847 2
3848 13
3849 19
3850 35
3851 10
3852 10
3853 9
3854 42
3855 11
3856 17
3857 5
3858 11
3859 128
3860 18
3861 8
3862 1
3863 3
3864 9
3865 2
3866 8
3867 93
3868 5
3869 7
3870 0
3871 1
3872 1
3873 1
3874 1
3875 2
3876 0
3877 2
3878 0
3879 6
3880 1
3881 1
3882 36
3883 2
3884 1
3885 0
3886 9
3887 4
3888 2
3889 2
3890 3
3891 4
3892 4
3893 4
3894 1
3895 2
3896 0
3897 19
3898 1
3899 6
3900 1
3901 6
3902 6
3903 4
3904 0
3905 10
3906 4
3907 8
3908 3
3909 0
3910 2
3911 0
3912 1
3913 0
3914 5
3915 0
3916 0
3917 0
3918 5
3919 0
3920 1
3921 1
3922 1
3923 0
3924 1
3925 0
3926 1
3927 4
3928 4
3929 5
3930 0
3931 5
3932 5
3933 6
3934 0
3935 2
3936 3
3937 0
3938 0
3939 4
3940 0
3941 0
3942 3
3943 1
3944 16
3945 5
3946 11
3947 1
3948 0
3949 2
3950 2
3951 5
3952 1
3953 1
3954 0
3955 2
3956 1
3957 1
3958 2
3959 0
3960 2
3961 0
3962 5
3963 2
3964 1
3965 1
3966 1
3967 2
3968 18
3969 1
3970 4
3971 12
3972 3
3973 0
3974 6
3975 1
3976 4
3977 2
3978 0
3979 0
3980 0
3981 1
3982 1
3983 5
3984 0
3985 24
3986 2
3987 4
3988 1
3989 6
3990 0
3991 0
3992 1
3993 7
3994 0
3995 0
3996 3
3997 19
3998 20
3999 3
4000 6
4001 5
4002 0
4003 0
4004 56
4005 2
4006 6
4007 32
4008 1
4009 0
4010 1
4011 2
4012 1
4013 3
4014 0
4015 0
4016 2
4017 1
4018 2
4019 5
4020 2
4021 1
4022 0
4023 2
4024 0
4025 19
4026 0
4027 2
4028 5
4029 2
4030 1
4031 25
4032 1
4033 2
4034 3
4035 1
4036 2
4037 20
4038 0
4039 6
4040 0
4041 35
4042 4
4043 1
4044 3
4045 3
4046 4
4047 4
4048 0
4049 2
4050 1
4051 5
4052 3
4053 0
4054 4
4055 3
4056 15
4057 3
4058 2
4059 3
4060 3
4061 0
4062 0
4063 1
4064 1
4065 0
4066 1
4067 0
4068 3
4069 6
4070 1
4071 3
4072 1
4073 0
4074 3
4075 4
4076 0
4077 1
4078 3
4079 33
4080 3
4081 0
4082 2
4083 7
4084 1
4085 0
4086 0
4087 0
4088 6
4089 1
4090 1
4091 0
4092 0
4093 1
4094 5
4095 2
4096 0
4097 3
4098 2
4099 23
4100 1
4101 1
4102 1
4103 1
4104 5
4105 1
4106 2
4107 0
4108 2
4109 2
4110 4
4111 1
4112 0
4113 8
4114 0
4115 1
4116 2
4117 1
4118 0
4119 2
4120 0
4121 4
4122 0
4123 1
4124 7
4125 3
4126 8
4127 1
4128 0
4129 0
4130 7
4131 8
4132 2
4133 3
4134 3
4135 1
4136 12
4137 0
4138 9
4139 3
4140 4
4141 1
4142 1
4143 2
4144 4
4145 5
4146 1
4147 13
4148 3
4149 4
4150 5
4151 0
4152 1
4153 0
4154 2
4155 0
4156 2
4157 6
4158 2
4159 1
4160 3
4161 2
4162 0
4163 1
4164 4
4165 7
4166 17
4167 4
4168 6
4169 1
4170 2
4171 0
4172 1
4173 3
4174 2
4175 9
4176 3
4177 0
4178 1
4179 0
4180 4
4181 2
4182 0
4183 0
4184 9
4185 2
4186 5
4187 1
4188 8
4189 3
4190 9
4191 0
4192 1
4193 2
4194 3
4195 113
4196 1
4197 2
4198 1
4199 1
4200 1
4201 13
4202 0
4203 0
4204 16
4205 0
4206 2
4207 1
4208 1
4209 0
4210 20
4211 2
4212 5
4213 0
4214 1
4215 0
4216 3
4217 1
4218 1
4219 1
4220 1
4221 3
4222 9
4223 2
4224 0
4225 1
4226 0
4227 6
4228 5
4229 1
4230 2
4231 0
4232 4
4233 0
4234 1
4235 4
4236 3
4237 2
4238 1
4239 2
4240 0
4241 1
4242 0
4243 0
4244 23
4245 2
4246 1
4247 0
4248 1
4249 5
4250 0
4251 2
4252 0
4253 3
4254 1
4255 3
4256 0
4257 1
4258 3
4259 6
4260 1
4261 1
4262 3
4263 0
4264 0
4265 9
4266 0
4267 4
4268 8
4269 3
4270 0
4271 2
4272 0
4273 9
4274 0
4275 7
4276 3
4277 1
4278 1
4279 0
4280 1
4281 5
4282 0
4283 7
4284 3
4285 2
4286 2
4287 22
4288 1
4289 1
4290 5
4291 0
4292 5
4293 0
4294 4
4295 6
4296 0
4297 4
4298 1
4299 3
4300 1
4301 5
4302 0
4303 0
4304 0
4305 4
4306 0
4307 0
4308 12
4309 4
4310 3
4311 5
4312 8
4313 18
4314 6
4315 4
4316 1
4317 6
4318 2
4319 0
4320 1
4321 1
4322 3
4323 4
4324 0
4325 0
4326 1
4327 0
4328 1
4329 2
4330 1
4331 1
4332 1
4333 2
4334 0
4335 3
4336 5
4337 4
4338 5
4339 6
4340 0
4341 1
4342 14
4343 1
4344 2
4345 2
4346 1
4347 4
4348 5
4349 15
4350 2
4351 3
4352 1
4353 20
4354 5
4355 5
4356 1
4357 0
4358 3
4359 4
4360 15
4361 6
4362 4
4363 3
4364 4
4365 0
4366 0
4367 0
4368 1
4369 1
4370 9
4371 2
4372 0
4373 0
4374 1
4375 13
4376 5
4377 4
4378 10
4379 1
4380 0
4381 4
4382 4
4383 13
4384 8
4385 8
4386 4
4387 4
4388 3
4389 2
4390 10
4391 0
4392 6
4393 2
4394 1
4395 0
4396 2
4397 11
4398 1
4399 2
4400 1
4401 43
4402 10
4403 4
4404 1
4405 0
4406 17
4407 0
4408 4
4409 0
4410 14
4411 6
4412 8
4413 3
4414 4
4415 6
4416 11
4417 1
4418 2
4419 1
4420 2
4421 13
4422 1
4423 9
4424 7
4425 9
4426 0
4427 1
4428 5
4429 5
4430 0
4431 2
4432 2
4433 1
4434 1
4435 3
4436 1
4437 3
4438 1
4439 13
4440 8
4441 15
4442 3
4443 4
4444 1
4445 3
4446 2
4447 1
4448 1
4449 4
4450 0
4451 0
4452 0
4453 1
4454 3
4455 0
4456 8
4457 0
4458 2
4459 0
4460 0
4461 3
4462 1
4463 3
4464 0
4465 2
4466 4
4467 15
4468 0
4469 1
4470 2
4471 3
4472 4
4473 0
4474 0
4475 2
4476 2
4477 1
4478 1
4479 9
4480 2
4481 1
4482 3
4483 2
4484 7
4485 3
4486 2
4487 4
4488 1
4489 0
4490 2
4491 0
4492 0
4493 0
4494 20
4495 24
4496 1
4497 1
4498 2
4499 2
4500 3
4501 0
4502 3
4503 1
4504 0
4505 1
4506 2
4507 1
4508 4
4509 0
4510 1
4511 11
4512 37
4513 0
4514 1
4515 5
4516 0
4517 0
4518 0
4519 6
4520 1
4521 22
4522 1
4523 5
4524 2
4525 3
4526 2
4527 1
4528 7
4529 5
4530 2
4531 4
4532 1
4533 0
4534 0
4535 3
4536 6
4537 0
4538 3
4539 1
4540 3
4541 3
4542 3
4543 2
4544 0
4545 2
4546 15
4547 2
4548 3
4549 12
4550 0
4551 7
4552 1
4553 4
4554 9
4555 0
4556 4
4557 2
4558 3
4559 1
4560 2
4561 1
4562 7
4563 18
4564 0
4565 0
4566 1
4567 5
4568 45
4569 2
4570 4
4571 4
4572 6
4573 39
4574 2
4575 1
4576 0
4577 1
4578 0
4579 21
4580 10
4581 4
4582 3
4583 1
4584 2
4585 7
4586 2
4587 0
4588 1
4589 3
4590 0
4591 0
4592 7
4593 2
4594 1
4595 0
4596 0
4597 3
4598 0
4599 0
4600 0
4601 12
4602 6
4603 4
4604 3
4605 3
4606 0
4607 3
4608 3
4609 4
4610 1
4611 1
4612 9
4613 5
4614 0
4615 1
4616 9
4617 1
4618 1
4619 7
4620 2
4621 3
4622 5
4623 5
4624 21
4625 22
4626 1
4627 0
4628 3
4629 1
4630 2
4631 0
4632 1
4633 1
4634 0
4635 1
4636 4
4637 1
4638 0
4639 3
4640 9
4641 2
4642 3
4643 2
4644 0
4645 5
4646 0
4647 1
4648 28
4649 3
4650 1
4651 1
4652 2
4653 10
4654 0
4655 2
4656 1
4657 2
4658 0
4659 1
4660 0
4661 1
4662 2
4663 2
4664 1
4665 0
4666 1
4667 3
4668 1
4669 2
4670 3
4671 4
4672 2
4673 1
4674 0
4675 1
4676 8
4677 2
4678 0
4679 4
4680 0
4681 1
4682 14
4683 62
4684 6
4685 0
4686 1
4687 2
4688 1
4689 1
4690 2
4691 0
4692 2
4693 2
4694 6
4695 3
4696 0
4697 7
4698 4
4699 11
4700 3
4701 2
4702 7
4703 1
4704 4
4705 1
4706 0
4707 4
4708 4
4709 5
4710 6
4711 0
4712 4
4713 9
4714 2
4715 2
4716 0
4717 2
4718 0
4719 1
4720 1
4721 3
4722 22
4723 1
4724 3
4725 1
4726 6
4727 1
4728 1
4729 2
4730 4
4731 2
4732 2
4733 0
4734 1
4735 2
4736 1
4737 5
4738 1
4739 1
4740 0
4741 10
4742 1
4743 2
4744 1
4745 3
4746 2
4747 9
4748 5
4749 1
4750 3
4751 0
4752 13
4753 6
4754 0
4755 3
4756 3
4757 5
4758 1
4759 0
4760 2
4761 1
4762 0
4763 2
4764 7
4765 1
4766 2
4767 4
4768 2
4769 1
4770 2
4771 0
4772 8
4773 2
4774 0
4775 5
4776 17
4777 5
4778 2
4779 33
4780 3
4781 9
4782 1
4783 0
4784 0
4785 2
4786 1
4787 0
4788 0
4789 3
4790 3
4791 4
4792 3
4793 0
4794 0
4795 3
4796 5
4797 1
4798 2
4799 4
4800 3
4801 2
4802 1
4803 4
4804 10
4805 2
4806 3
4807 0
4808 11
4809 12
4810 4
4811 3
4812 11
4813 10
4814 3
4815 1
4816 115
4817 3
4818 5
4819 0
4820 3
4821 1
4822 2
4823 11
4824 22
4825 0
4826 2
4827 4
4828 3
4829 10
4830 2
4831 20
4832 2
4833 6
4834 1
4835 0
4836 1
4837 2
4838 0
4839 3
4840 0
4841 0
4842 2
4843 2
4844 1
4845 2
4846 8
4847 7
4848 0
4849 0
4850 7
4851 1
4852 4
4853 5
4854 6
4855 2
4856 0
4857 3
4858 0
4859 8
4860 0
4861 6
4862 2
4863 4
4864 1
4865 3
4866 1
4867 1
4868 1
4869 1
4870 2
4871 0
4872 6
4873 18
4874 2
4875 1
4876 0
4877 2
4878 4
4879 4
4880 0
4881 0
4882 3
4883 13
4884 11
4885 4
4886 1
4887 3
4888 20
4889 4
4890 0
4891 2
4892 1
4893 0
4894 3
4895 2
4896 0
4897 5
4898 1
4899 0
4900 0
4901 0
4902 4
4903 3
4904 0
4905 2
4906 3
4907 1
4908 0
4909 0
4910 1
4911 10
4912 10
4913 3
4914 0
4915 0
4916 1
4917 3
4918 0
4919 4
4920 0
4921 2
4922 1
4923 3
4924 4
4925 1
4926 1
4927 11
4928 1
4929 0
4930 2
4931 1
4932 0
4933 10
4934 1
4935 6
4936 4
4937 5
4938 1
4939 2
4940 1
4941 6
4942 15
4943 10
4944 2
4945 4
4946 8
4947 3
4948 1
4949 2
4950 10
4951 7
4952 3
4953 3
4954 1
4955 1
4956 0
4957 1
4958 10
4959 29
4960 20
4961 42
4962 26
4963 3
4964 2
4965 0
4966 0
4967 3
4968 1
4969 1
4970 2
4971 3
4972 4
4973 0
4974 5
4975 5
4976 0
4977 2
4978 1
4979 1
4980 3
4981 3
4982 0
4983 0
4984 2
4985 0
4986 4
4987 1
4988 1
4989 0
4990 1
4991 7
4992 5
4993 0
4994 8
4995 4
4996 0
4997 2
4998 0
4999 4
5000 3
5001 3
5002 1
5003 6
5004 28
5005 2
5006 1
5007 1
5008 5
5009 0
5010 0
5011 1
5012 2
5013 5
5014 0
5015 3
5016 0
5017 7
5018 0
5019 13
5020 12
5021 2
5022 0
5023 2
5024 1
5025 3
5026 5
5027 3
5028 0
5029 4
5030 1
5031 73
5032 5
5033 3
5034 0
5035 3
5036 3
5037 5
5038 1
5039 11
5040 1
5041 4
5042 2
5043 1
5044 0
5045 2
5046 1
5047 1
5048 3
5049 0
5050 2
5051 3
5052 1
5053 1
5054 4
5055 1
5056 3
5057 12
5058 8
5059 8
5060 5
5061 5
5062 16
5063 3
5064 1
5065 7
5066 3
5067 0
5068 3
5069 3
5070 1
5071 2
5072 1
5073 4
5074 0
5075 4
5076 61
5077 1
5078 5
5079 0
5080 0
5081 2
5082 3
5083 34
5084 5
5085 0
5086 1
5087 4
5088 6
5089 2
5090 0
5091 0
5092 1
5093 3
5094 20
5095 17
5096 7
5097 19
5098 2
5099 8
5100 1
5101 0
5102 1
5103 1
5104 4
5105 8
5106 2
5107 0
5108 2
5109 1
5110 5
5111 0
5112 1
5113 3
5114 1
5115 1
5116 1
5117 2
5118 9
5119 2
5120 6
5121 0
5122 0
5123 3
5124 2
5125 9
5126 3
5127 0
5128 0
5129 1
5130 3
5131 1
5132 1
5133 4
5134 1
5135 0
5136 1
5137 1
5138 0
5139 0
5140 1
5141 3
5142 10
5143 2
5144 0
5145 44
5146 2
5147 1
5148 2
5149 1
5150 11
5151 0
5152 4
5153 5
5154 0
5155 0
5156 1
5157 10
5158 6
5159 0
5160 4
5161 1
5162 17
5163 2
5164 0
5165 2
5166 3
5167 5
5168 0
5169 1
5170 3
5171 9
5172 1
5173 6
5174 1
5175 2
5176 23
5177 2
5178 0
5179 5
5180 2
5181 2
5182 1
5183 3
5184 2
5185 6
5186 4
5187 12
5188 1
5189 1
5190 1
5191 0
5192 1
5193 6
5194 13
5195 5
5196 2
5197 1
5198 1
5199 1
5200 6
5201 11
5202 4
5203 11
5204 3
5205 3
5206 1
5207 1
5208 36
5209 26
5210 4
5211 0
5212 3
5213 6
5214 3
5215 1
5216 0
5217 1
5218 0
5219 1
5220 2
5221 5
5222 2
5223 1
5224 4
5225 7
5226 3
5227 0
5228 6
5229 0
5230 1
5231 2
5232 0
5233 0
5234 0
5235 2
5236 0
5237 1
5238 1
5239 2
5240 0
5241 4
5242 2
5243 5
5244 2
5245 0
5246 2
5247 7
5248 5
5249 0
5250 0
5251 1
5252 2
5253 0
5254 70
5255 49
5256 4
5257 0
5258 1
5259 1
5260 0
5261 1
5262 2
5263 2
5264 0
5265 4
5266 0
5267 1
5268 0
5269 1
5270 2
5271 1
5272 2
5273 2
5274 2
5275 23
5276 0
5277 3
5278 0
5279 18
5280 14
5281 2
5282 4
5283 1
5284 5
5285 1
5286 0
5287 0
5288 4
5289 10
5290 5
5291 3
5292 4
5293 0
5294 2
5295 3
5296 7
5297 40
5298 1
5299 6
5300 2
5301 0
5302 11
5303 3
5304 4
5305 2
5306 0
5307 8
5308 0
5309 4
5310 0
5311 1
5312 0
5313 2
5314 21
5315 0
5316 8
5317 0
5318 0
5319 0
5320 2
5321 4
5322 3
5323 4
5324 3
5325 0
5326 4
5327 0
5328 0
5329 0
5330 1
5331 6
5332 1
5333 0
5334 1
5335 4
5336 0
5337 0
5338 1
5339 3
5340 2
5341 12
5342 34
5343 0
5344 0
5345 6
5346 3
5347 1
5348 0
5349 2
5350 0
5351 2
5352 4
5353 1
5354 0
5355 2
5356 1
5357 4
5358 1
5359 1
5360 3
5361 0
5362 9
5363 2
5364 1
5365 4
5366 0
5367 0
5368 0
5369 6
5370 2
5371 2
5372 0
5373 1
5374 0
5375 5
5376 1
5377 5
5378 2
5379 1
5380 6
5381 3
5382 3
5383 1
5384 2
5385 5
5386 1
5387 1
5388 6
5389 5
5390 6
5391 1
5392 5
5393 51
5394 6
5395 3
5396 1
5397 1
5398 6
5399 1
5400 6
5401 3
5402 1
5403 0
5404 2
5405 0
5406 0
5407 1
5408 1
5409 84
5410 0
5411 5
5412 1
5413 1
5414 9
5415 6
5416 3
5417 3
5418 0
5419 11
5420 2
5421 1
5422 12
5423 50
5424 4
5425 0
5426 1
5427 10
5428 0
5429 0
5430 3
5431 1
5432 2
5433 1
5434 0
5435 5
5436 5
5437 6
5438 4
5439 1
5440 1
5441 2
5442 2
5443 1
5444 2
5445 7
5446 0
5447 13
5448 5
5449 13
5450 8
5451 0
5452 3
5453 0
5454 2
5455 4
5456 2
5457 0
5458 9
5459 2
5460 2
5461 15
5462 0
5463 0
5464 5
5465 10
5466 0
5467 12
5468 0
5469 0
5470 55
5471 5
5472 1
5473 4
5474 2
5475 2
5476 7
5477 1
5478 6
5479 3
5480 1
5481 2
5482 6
5483 2
5484 1
5485 33
5486 10
5487 1
5488 2
5489 0
5490 4
5491 1
5492 0
5493 2
5494 2
5495 6
5496 0
5497 0
5498 0
5499 1
5500 5
5501 0
5502 0
5503 0
5504 1
5505 3
5506 1
5507 3
5508 2
5509 0
5510 6
5511 6
5512 1
5513 20
5514 1
5515 0
5516 3
5517 3
5518 3
5519 4
5520 0
5521 2
5522 0
5523 16
5524 4
5525 0
5526 7
5527 1
5528 2
5529 0
5530 0
5531 7
5532 2
5533 3
5534 0
5535 1
5536 0
5537 0
5538 1
5539 2
5540 3
5541 3
5542 0
5543 30
5544 13
5545 1
5546 0
5547 2
5548 1
5549 8
5550 2
5551 0
5552 3
5553 3
5554 1
5555 38
5556 1
5557 6
5558 3
5559 1
5560 7
5561 104
5562 1
5563 1
5564 1
5565 2
5566 1
5567 1
5568 0
5569 2
5570 0
5571 19
5572 2
5573 2
5574 3
5575 3
5576 17
5577 2
5578 6
5579 3
5580 0
5581 6
5582 6
5583 1
5584 7
5585 0
5586 5
5587 5
5588 0
5589 2
5590 7
5591 0
5592 0
5593 1
5594 1
5595 4
5596 0
5597 12
5598 4
5599 1
5600 7
5601 1
5602 3
5603 9
5604 0
5605 1
5606 2
5607 1
5608 25
5609 0
5610 8
5611 2
5612 2
5613 1
5614 1
5615 4
5616 1
5617 0
5618 1
5619 4
5620 2
5621 6
5622 1
5623 2
5624 2
5625 3
5626 0
5627 14
5628 12
5629 1
5630 1
5631 3
5632 5
5633 1
5634 2
5635 3
5636 3
5637 9
5638 0
5639 10
5640 2
5641 0
5642 3
5643 0
5644 0
5645 1
5646 5
5647 0
5648 5
5649 5
5650 1
5651 4
5652 3
5653 4
5654 5
5655 2
5656 8
5657 0
5658 5
5659 2
5660 6
5661 3
5662 4
5663 1
5664 6
5665 0
5666 20
5667 1
5668 1
5669 2
5670 0
5671 0
5672 4
5673 1
5674 3
5675 5
5676 3
5677 3
5678 0
5679 1
5680 20
5681 2
5682 2
5683 11
5684 1
5685 1
5686 0
5687 12
5688 0
5689 0
5690 0
5691 1
5692 4
5693 1
5694 1
5695 2
5696 1
5697 0
5698 4
5699 1
5700 4
5701 3
5702 4
5703 0
5704 3
5705 2
5706 1
5707 1
5708 5
5709 10
5710 0
5711 0
5712 3
5713 1
5714 1
5715 2
5716 10
5717 25
5718 4
5719 9
5720 6
5721 1
5722 6
5723 11
5724 8
5725 7
5726 5
5727 5
5728 1
5729 2
5730 2
5731 2
5732 7
5733 1
5734 0
5735 0
5736 3
5737 1
5738 2
5739 3
5740 8
5741 2
5742 1
5743 0
5744 8
5745 2
5746 1
5747 42
5748 16
5749 2
5750 0
5751 6
5752 1
5753 3
5754 2
5755 0
5756 0
5757 8
5758 0
5759 3
5760 8
5761 2
5762 2
5763 1
5764 1
5765 1
5766 8
5767 2
5768 0
5769 0
5770 3
5771 4
5772 3
5773 1
5774 5
5775 3
5776 5
5777 4
5778 0
5779 0
5780 17
5781 10
5782 1
5783 0
5784 6
5785 2
5786 4
5787 8
5788 2
5789 2
5790 1
5791 3
5792 2
5793 38
5794 1
5795 2
5796 1
5797 14
5798 1
5799 2
5800 5
5801 1
5802 2
5803 0
5804 1
5805 0
5806 3
5807 3
5808 0
5809 2
5810 1
5811 4
5812 2
5813 2
5814 0
5815 0
5816 0
5817 0
5818 0
5819 1
5820 0
5821 3
5822 2
5823 1
5824 8
5825 0
5826 1
5827 10
5828 8
5829 1
5830 3
5831 0
5832 4
5833 8
5834 0
5835 6
5836 3
5837 0
5838 5
5839 0
5840 3
5841 7
5842 2
5843 5
5844 3
5845 0
5846 2
5847 2
5848 0
5849 0
5850 0
