1 492.868
2 1393.704
3 620.402
4 389.626
5 286.385
6 660.889
7 553.599
8 1691.284
9 116.339
10 367.359
11 1118.393
12 310.677
13 490.844
14 158.85
15 664.938
16 308.652
17 739.839
18 786.399
19 343.066
20 324.847
21 1426.094
22 21.195
23 345.091
24 241.849
25 164.923
26 45.487
27 292.458
28 802.594
29 521.209
30 855.227
31 266.141
32 375.456
33 67.755
34 320.798
35 205.41
36 227.678
37 81.925
38 251.971
39 195.289
40 328.896
41 256.019
42 294.482
43 75.852
44 253.995
45 140.631
46 126.461
47 47.511
48 1258.073
49 353.188
50 -21.317
51 5.0
52 353.188
53 270.19
54 168.972
55 2.975
56 37.389
57 336.993
58 -23.341
59 -5.122
60 -15.244
61 69.779
62 106.217
63 363.31
64 476.673
65 85.974
66 407.846
67 608.256
68 102.169
69 245.897
70 77.876
71 92.047
72 79.901
73 110.266
74 -41.56
75 209.459
76 -88.12
77 -33.463
78 81.925
79 23.219
80 260.068
81 13.097
82 15.121
83 349.139
84 37.389
85 63.706
86 43.462
87 47.511
88 379.505
89 523.234
90 114.315
91 41.438
92 454.406
93 341.042
94 102.169
95 108.242
96 11.073
97 -27.39
98 492.868
99 132.534
100 53.584
101 1126.49
102 37.389
103 114.315
104 -33.463
105 45.487
106 2.975
107 37.389
108 132.534
109 35.365
110 27.268
111 5.0
112 -27.39
113 49.535
114 37.389
115 67.755
116 225.654
117 19.17
118 102.169
119 29.292
120 168.972
121 53.584
122 92.047
123 138.607
124 2.975
125 162.899
126 27.268
127 37.389
128 39.414
129 29.292
130 106.217
131 106.217
132 134.558
133 199.337
134 79.901
135 116.339
136 79.901
137 33.341
138 75.852
139 65.73
140 57.633
141 -59.779
142 330.92
143 207.435
144 29.292
145 59.657
146 11.073
147 75.852
148 154.802
149 207.435
150 -49.658
151 134.558
152 77.876
153 90.022
154 205.41
155 53.584
156 29.292
157 75.852
158 25.243
159 11.073
160 27.268
161 -7.146
162 -33.463
163 -39.536
164 57.633
165 122.412
166 -43.585
167 -27.39
168 23.219
169 2.975
170 13.097
171 -35.487
172 23.219
173 79.901
174 71.803
175 -11.195
176 -13.219
177 37.389
178 -77.999
179 33.341
180 2.975
181 -51.682
182 -63.828
183 23.219
184 53.584
185 41.438
186 71.803
187 -55.731
188 11.073
189 55.609
190 7.024
191 57.633
192 21.195
193 -29.414
194 57.633
195 -27.39
196 41.438
197 -84.072
198 -25.366
199 -15.244
200 -21.317
201 -33.463
202 189.216
203 5.0
204 -21.317
205 11.073
206 -25.366
207 17.146
208 67.755
209 55.609
210 41.438
211 71.803
212 -67.877
213 118.363
214 21.195
215 -51.682
216 41.438
217 13.097
218 -11.195
219 -84.072
220 11.073
221 -106.34
222 -29.414
223 65.73
224 90.022
225 -71.926
226 -33.463
227 -15.244
228 55.609
229 45.487
230 73.828
231 23.219
232 57.633
233 -29.414
234 -45.609
235 49.535
236 -1.073
237 -3.098
238 -31.439
239 -33.463
240 17.146
241 -49.658
242 43.462
243 13.097
244 55.609
245 51.56
246 27.268
247 -45.609
248 -1.073
249 61.682
250 85.974
251 -5.122
252 71.803
253 79.901
254 152.777
255 71.803
256 39.414
257 81.925
258 49.535
259 2.975
260 -39.536
261 -27.39
262 83.949
263 53.584
264 128.485
265 19.17
266 -77.999
267 23.219
268 23.219
269 23.219
270 2.975
271 -100.267
272 9.048
273 -128.607
274 23.219
275 29.292
276 7.024
277 41.438
278 -3.098
279 -5.122
280 -59.779
281 156.826
282 114.315
283 -57.755
284 39.414
285 -33.463
286 0.951
287 73.828
288 -41.56
289 -1.073
290 -13.219
291 -63.828
292 -21.317
293 -25.366
294 90.022
295 90.022
296 -35.487
297 -110.388
298 -9.171
299 -3.098
300 148.729
301 -31.439
302 57.633
303 35.365
304 47.511
305 -65.853
306 75.852
307 85.974
308 19.17
309 138.607
310 9.048
311 5.0
312 -31.439
313 0.951
314 25.243
315 -69.901
316 29.292
317 33.341
318 -69.901
319 39.414
320 -5.122
321 25.243
322 33.341
323 47.511
324 -1.073
325 31.316
326 35.365
327 15.121
328 106.217
329 -35.487
330 25.243
331 -15.244
332 106.217
333 94.071
334 -3.098
335 -7.146
336 83.949
337 106.217
338 -11.195
339 59.657
340 0.951
341 2.975
342 -37.512
343 94.071
344 25.243
345 -77.999
346 -33.463
347 102.169
348 31.316
349 -17.268
350 -84.072
351 -13.219
352 31.316
353 -55.731
354 19.17
355 -15.244
356 0.951
357 -17.268
358 -29.414
359 -15.244
360 9.048
361 -7.146
362 -13.219
363 5.0
364 35.365
365 -19.292
366 37.389
367 0.951
368 -61.804
369 77.876
370 35.365
371 31.316
372 27.268
373 2.975
374 -33.463
375 104.193
376 2.975
377 5.0
378 35.365
379 41.438
380 -25.366
381 116.339
382 11.073
383 77.876
384 15.121
385 63.706
386 5.0
387 112.29
388 49.535
389 47.511
390 -45.609
391 -41.56
392 -21.317
393 -3.098
394 49.535
395 -7.146
396 45.487
397 37.389
398 -37.512
399 2.975
400 27.268
401 11.073
402 -82.047
403 41.438
404 47.511
405 -19.292
406 61.682
407 23.219
408 67.755
409 21.195
410 13.097
411 77.876
412 57.633
413 -31.439
414 25.243
415 45.487
416 -31.439
417 -47.633
418 -43.585
419 55.609
420 -25.366
421 -47.633
422 -57.755
423 128.485
424 37.389
425 -11.195
426 -75.974
427 -55.731
428 -37.512
429 49.535
430 63.706
431 41.438
432 -90.145
433 142.656
434 -21.317
435 -96.218
436 112.29
437 -67.877
438 -45.609
439 85.974
440 77.876
441 -51.682
442 61.682
443 79.901
444 45.487
445 2.975
446 27.268
447 31.316
448 -19.292
449 13.097
450 96.096
451 5.0
452 -19.292
453 -31.439
454 -86.096
455 41.438
456 31.316
457 41.438
458 51.56
459 -33.463
460 79.901
461 -31.439
462 45.487
463 15.121
464 21.195
465 23.219
466 122.412
467 -21.317
468 -92.169
469 2.975
470 -3.098
471 61.682
472 -39.536
473 41.438
474 39.414
475 9.048
476 -37.512
477 45.487
478 -23.341
479 -15.244
480 81.925
481 -7.146
482 25.243
483 -39.536
484 -11.195
485 19.17
486 21.195
487 19.17
488 -3.098
489 27.268
490 5.0
491 19.17
492 -17.268
493 63.706
494 -41.56
495 17.146
496 136.583
497 23.219
498 21.195
499 -39.536
500 47.511
501 -17.268
502 -55.731
503 124.436
504 49.535
505 -98.242
506 -69.901
507 49.535
508 69.779
509 92.047
510 -49.658
511 29.292
512 35.365
513 -43.585
514 63.706
515 -25.366
516 17.146
517 85.974
518 -7.146
519 -33.463
520 39.414
521 -69.901
522 21.195
523 -35.487
524 146.704
525 108.242
526 55.609
527 41.438
528 23.219
529 51.56
530 5.0
531 -9.171
532 -136.705
533 -138.729
534 39.414
535 15.121
536 -7.146
537 -59.779
538 -3.098
539 67.755
540 -59.779
541 -31.439
542 23.219
543 -33.463
544 -108.364
545 130.509
546 29.292
547 85.974
548 -41.56
549 21.195
550 -75.974
551 35.365
552 45.487
553 -33.463
554 114.315
555 15.121
556 23.219
557 55.609
558 23.219
559 47.511
560 -69.901
561 -53.706
562 53.584
563 87.998
564 41.438
565 59.657
566 -21.317
567 21.195
568 53.584
569 63.706
570 -3.098
571 -27.39
572 55.609
573 -13.219
574 37.389
575 116.339
576 2.975
577 31.316
578 77.876
579 -41.56
580 -67.877
581 -5.122
582 27.268
583 -37.512
584 96.096
585 154.802
586 19.17
587 55.609
588 -13.219
589 57.633
590 33.341
591 118.363
592 87.998
593 -45.609
594 37.389
595 57.633
596 98.12
597 -5.122
598 -71.926
599 19.17
600 118.363
601 81.925
602 -29.414
603 47.511
604 -11.195
605 -71.926
606 -25.366
607 -19.292
608 0.951
609 29.292
610 -9.171
611 -110.388
612 -80.023
613 -21.317
614 -73.95
615 39.414
616 -63.828
617 61.682
618 77.876
619 98.12
620 65.73
621 -31.439
622 -3.098
623 -19.292
624 7.024
625 -9.171
626 75.852
627 -23.341
628 33.341
629 94.071
630 -35.487
631 -75.974
632 -31.439
633 -15.244
634 -73.95
635 39.414
636 -3.098
637 31.316
638 -19.292
639 39.414
640 -86.096
641 27.268
642 -37.512
643 112.29
644 2.975
645 71.803
646 77.876
647 -35.487
648 61.682
649 -17.268
650 33.341
651 98.12
652 -29.414
653 -61.804
654 47.511
655 87.998
656 -11.195
657 47.511
658 -61.804
659 15.121
660 63.706
661 -98.242
662 -21.317
663 -5.122
664 -5.122
665 63.706
666 39.414
667 -37.512
668 7.024
669 7.024
670 -43.585
671 23.219
672 -29.414
673 47.511
674 -9.171
675 0.951
676 0.951
677 -31.439
678 61.682
679 23.219
680 -13.219
681 -15.244
682 102.169
683 217.557
684 -17.268
685 102.169
686 51.56
687 7.024
688 77.876
689 100.144
690 83.949
691 90.022
692 -3.098
693 17.146
694 35.365
695 15.121
696 -49.658
697 -7.146
698 65.73
699 -23.341
700 108.242
701 -49.658
702 -43.585
703 -138.729
704 -59.779
705 -35.487
706 9.048
707 -67.877
708 116.339
709 73.828
710 49.535
711 -11.195
712 15.121
713 33.341
714 25.243
715 27.268
716 -55.731
717 9.048
718 90.022
719 -17.268
720 -98.242
721 29.292
722 183.143
723 37.389
724 69.779
725 49.535
726 23.219
727 51.56
728 15.121
729 -1.073
730 67.755
731 2.975
732 15.121
733 7.024
734 71.803
735 77.876
736 -23.341
737 17.146
738 -31.439
739 2.975
740 27.268
741 77.876
742 39.414
743 -57.755
744 -35.487
745 57.633
746 25.243
747 17.146
748 -57.755
749 5.0
750 35.365
751 -27.39
752 -53.706
753 100.144
754 19.17
755 51.56
756 -5.122
757 -9.171
758 106.217
759 -43.585
760 43.462
761 -29.414
762 61.682
763 -15.244
764 -17.268
765 -43.585
766 51.56
767 15.121
768 -86.096
769 -11.195
770 9.048
771 37.389
772 -35.487
773 -94.193
774 45.487
775 61.682
776 -80.023
777 45.487
778 5.0
779 5.0
780 -9.171
781 -57.755
782 -35.487
783 90.022
784 -37.512
785 -41.56
786 -51.682
787 -25.366
788 0.951
789 -1.073
790 -23.341
791 106.217
792 -51.682
793 87.998
794 -73.95
795 61.682
796 203.386
797 7.024
798 43.462
799 35.365
800 -33.463
801 -51.682
802 -25.366
803 73.828
804 65.73
805 47.511
806 2.975
807 29.292
808 25.243
809 -19.292
810 -53.706
811 -15.244
812 -15.244
813 -37.512
814 57.633
815 51.56
816 -69.901
817 142.656
818 41.438
819 49.535
820 45.487
821 -29.414
822 49.535
823 87.998
824 25.243
825 19.17
826 -84.072
827 -9.171
828 -1.073
829 77.876
830 -35.487
831 -41.56
832 166.948
833 -1.073
834 -71.926
835 29.292
836 69.779
837 59.657
838 49.535
839 35.365
840 53.584
841 39.414
842 73.828
843 45.487
844 17.146
845 0.951
846 45.487
847 77.876
848 -15.244
849 -41.56
850 -19.292
851 39.414
852 47.511
853 -9.171
854 235.776
855 100.144
856 -21.317
857 94.071
858 108.242
859 162.899
860 -75.974
861 21.195
862 27.268
863 -39.536
864 -53.706
865 -29.414
866 100.144
867 73.828
868 79.901
869 -63.828
870 94.071
871 41.438
872 -31.439
873 -59.779
874 63.706
875 0.951
876 -15.244
877 -33.463
878 57.633
879 33.341
880 -11.195
881 43.462
882 -23.341
883 -27.39
884 23.219
885 29.292
886 -25.366
887 -29.414
888 33.341
889 -27.39
890 -96.218
891 83.949
892 63.706
893 -31.439
894 71.803
895 -33.463
896 35.365
897 25.243
898 35.365
899 5.0
900 5.0
901 -27.39
902 47.511
903 21.195
904 45.487
905 92.047
906 57.633
907 39.414
908 -47.633
909 41.438
910 19.17
911 7.024
912 73.828
913 53.584
914 63.706
915 59.657
916 90.022
917 27.268
918 -19.292
919 -21.317
920 47.511
921 -39.536
922 31.316
923 -98.242
924 63.706
925 71.803
926 25.243
927 41.438
928 87.998
929 -17.268
930 53.584
931 63.706
932 -11.195
933 -67.877
934 7.024
935 -5.122
936 -3.098
937 25.243
938 29.292
939 -86.096
940 2.975
941 -1.073
942 37.389
943 -11.195
944 27.268
945 47.511
946 45.487
947 81.925
948 43.462
949 39.414
950 -73.95
951 35.365
952 61.682
953 -19.292
954 -67.877
955 23.219
956 11.073
957 -69.901
958 -31.439
959 61.682
960 13.097
961 -61.804
962 -41.56
963 37.389
964 -160.997
965 5.0
966 63.706
967 11.073
968 51.56
969 -41.56
970 -1.073
971 -3.098
972 -41.56
973 35.365
974 31.316
975 19.17
976 51.56
977 -88.12
978 -9.171
979 -21.317
980 0.951
981 -41.56
982 23.219
983 87.998
984 -15.244
985 -69.901
986 -11.195
987 102.169
988 11.073
989 59.657
990 -55.731
991 43.462
992 -29.414
993 -15.244
994 134.558
995 -3.098
996 -63.828
997 -9.171
998 17.146
999 45.487
1000 25.243
1001 7.024
1002 31.316
1003 11.073
1004 41.438
1005 -31.439
1006 -57.755
1007 -3.098
1008 -1.073
1009 53.584
1010 -33.463
1011 -128.607
1012 118.363
1013 114.315
1014 53.584
1015 -19.292
1016 -41.56
1017 63.706
1018 17.146
1019 15.121
1020 73.828
1021 -35.487
1022 -13.219
1023 -9.171
1024 -45.609
1025 114.315
1026 90.022
1027 13.097
1028 21.195
1029 100.144
1030 -1.073
1031 77.876
1032 27.268
1033 164.923
1034 -3.098
1035 49.535
1036 100.144
1037 -41.56
1038 31.316
1039 -43.585
1040 35.365
1041 -3.098
1042 -9.171
1043 -9.171
1044 -35.487
1045 114.315
1046 94.071
1047 -7.146
1048 0.951
1049 -37.512
1050 -25.366
1051 37.389
1052 -39.536
1053 -41.56
1054 59.657
1055 116.339
1056 29.292
1057 43.462
1058 35.365
1059 -31.439
1060 -9.171
1061 122.412
1062 -15.244
1063 87.998
1064 -49.658
1065 61.682
1066 59.657
1067 -11.195
1068 -11.195
1069 -15.244
1070 25.243
1071 -23.341
1072 85.974
1073 225.654
1074 7.024
1075 -75.974
1076 118.363
1077 0.951
1078 85.974
1079 -23.341
1080 43.462
1081 90.022
1082 29.292
1083 23.219
1084 118.363
1085 102.169
1086 31.316
1087 108.242
1088 -13.219
1089 69.779
1090 -21.317
1091 128.485
1092 67.755
1093 67.755
1094 -9.171
1095 13.097
1096 23.219
1097 -41.56
1098 -75.974
1099 -100.267
1100 35.365
1101 37.389
1102 -11.195
1103 154.802
1104 -9.171
1105 69.779
1106 59.657
1107 47.511
1108 -13.219
1109 -41.56
1110 21.195
1111 29.292
1112 -25.366
1113 47.511
1114 31.316
1115 83.949
1116 43.462
1117 29.292
1118 57.633
1119 175.045
1120 -69.901
1121 126.461
1122 -65.853
1123 -37.512
1124 67.755
1125 -29.414
1126 -29.414
1127 -33.463
1128 -37.512
1129 -9.171
1130 33.341
1131 17.146
1132 61.682
1133 -29.414
1134 -88.12
1135 67.755
1136 -21.317
1137 37.389
1138 -65.853
1139 45.487
1140 -7.146
1141 -49.658
1142 47.511
1143 41.438
1144 -17.268
1145 -31.439
1146 29.292
1147 -104.315
1148 2.975
1149 39.414
1150 -65.853
1151 47.511
1152 -80.023
1153 57.633
1154 -73.95
1155 27.268
1156 -55.731
1157 -11.195
1158 53.584
1159 -15.244
1160 -25.366
1161 -53.706
1162 -11.195
1163 -35.487
1164 170.997
1165 -59.779
1166 -1.073
1167 9.048
1168 73.828
1169 29.292
1170 71.803
1171 -5.122
1172 57.633
1173 -67.877
1174 -19.292
1175 51.56
1176 2.975
1177 47.511
1178 2.975
1179 -17.268
1180 31.316
1181 -23.341
1182 27.268
1183 -17.268
1184 39.414
1185 -57.755
1186 -84.072
1187 -37.512
1188 27.268
1189 45.487
1190 17.146
1191 94.071
1192 -53.706
1193 -27.39
1194 -41.56
1195 51.56
1196 -35.487
1197 5.0
1198 23.219
1199 -55.731
1200 79.901
1201 -35.487
1202 47.511
1203 21.195
1204 -19.292
1205 85.974
1206 -49.658
1207 -13.219
1208 25.243
1209 -1.073
1210 13.097
1211 35.365
1212 -57.755
1213 130.509
1214 -45.609
1215 -82.047
1216 98.12
1217 -49.658
1218 59.657
1219 0.951
1220 -33.463
1221 -15.244
1222 27.268
1223 -47.633
1224 51.56
1225 -1.073
1226 -3.098
1227 -55.731
1228 45.487
1229 13.097
1230 -77.999
1231 57.633
1232 25.243
1233 -63.828
1234 27.268
1235 0.951
1236 31.316
1237 144.68
1238 81.925
1239 -47.633
1240 7.024
1241 -19.292
1242 0.951
1243 -92.169
1244 144.68
1245 -69.901
1246 13.097
1247 -98.242
1248 122.412
1249 79.901
1250 43.462
1251 -11.195
1252 225.654
1253 -37.512
1254 100.144
1255 -69.901
1256 47.511
1257 -21.317
1258 -33.463
1259 51.56
1260 83.949
1261 -59.779
1262 -73.95
1263 9.048
1264 35.365
1265 35.365
1266 21.195
1267 -25.366
1268 31.316
1269 13.097
1270 205.41
1271 96.096
1272 114.315
1273 -65.853
1274 51.56
1275 187.191
1276 -21.317
1277 47.511
1278 69.779
1279 19.17
1280 -67.877
1281 -53.706
1282 106.217
1283 37.389
1284 -31.439
1285 106.217
1286 102.169
1287 63.706
1288 19.17
1289 67.755
1290 55.609
1291 35.365
1292 2.975
1293 65.73
1294 -9.171
1295 -23.341
1296 -59.779
1297 13.097
1298 23.219
1299 55.609
1300 -3.098
1301 51.56
1302 -59.779
1303 45.487
1304 9.048
1305 120.388
1306 29.292
1307 35.365
1308 -17.268
1309 2.975
1310 -49.658
1311 -57.755
1312 17.146
1313 -27.39
1314 298.531
1315 11.073
1316 39.414
1317 45.487
1318 -3.098
1319 85.974
1320 -51.682
1321 47.511
1322 -7.146
1323 73.828
1324 -13.219
1325 31.316
1326 79.901
1327 -51.682
1328 144.68
1329 -1.073
1330 33.341
1331 114.315
1332 11.073
1333 53.584
1334 104.193
1335 7.024
1336 61.682
1337 -21.317
1338 55.609
1339 -29.414
1340 77.876
1341 -35.487
1342 5.0
1343 -21.317
1344 21.195
1345 -23.341
1346 -73.95
1347 -69.901
1348 -3.098
1349 -9.171
1350 -3.098
1351 -3.098
1352 -82.047
1353 67.755
1354 -25.366
1355 -23.341
1356 43.462
1357 -132.656
1358 -19.292
1359 15.121
1360 -47.633
1361 -51.682
1362 29.292
1363 98.12
1364 65.73
1365 33.341
1366 45.487
1367 37.389
1368 21.195
1369 -27.39
1370 29.292
1371 114.315
1372 -13.219
1373 35.365
1374 -9.171
1375 41.438
1376 -51.682
1377 83.949
1378 25.243
1379 5.0
1380 17.146
1381 -55.731
1382 92.047
1383 -11.195
1384 -71.926
1385 -19.292
1386 -49.658
1387 179.094
1388 21.195
1389 19.17
1390 -25.366
1391 90.022
1392 -13.219
1393 -49.658
1394 43.462
1395 0.951
1396 -71.926
1397 -5.122
1398 -106.34
1399 -43.585
1400 -35.487
1401 7.024
1402 -185.289
1403 25.243
1404 0.951
1405 33.341
1406 25.243
1407 11.073
1408 -9.171
1409 39.414
1410 -5.122
1411 201.362
1412 17.146
1413 67.755
1414 29.292
1415 -27.39
1416 59.657
1417 -21.317
1418 55.609
1419 -21.317
1420 -55.731
1421 13.097
1422 87.998
1423 -3.098
1424 -31.439
1425 33.341
1426 0.951
1427 -108.364
1428 77.876
1429 43.462
1430 -13.219
1431 -25.366
1432 -13.219
1433 55.609
1434 -59.779
1435 5.0
1436 35.365
1437 -98.242
1438 43.462
1439 45.487
1440 63.706
1441 59.657
1442 -47.633
1443 19.17
1444 33.341
1445 -39.536
1446 154.802
1447 -13.219
1448 37.389
1449 -35.487
1450 29.292
1451 -65.853
1452 -25.366
1453 15.121
1454 19.17
1455 -37.512
1456 -3.098
1457 -65.853
1458 -49.658
1459 59.657
1460 112.29
1461 59.657
1462 85.974
1463 -39.536
1464 9.048
1465 45.487
1466 51.56
1467 -114.437
1468 -9.171
1469 55.609
1470 43.462
1471 -35.487
1472 -7.146
1473 25.243
1474 223.63
1475 90.022
1476 150.753
1477 87.998
1478 -15.244
1479 -75.974
1480 -23.341
1481 -9.171
1482 -126.583
1483 -5.122
1484 17.146
1485 5.0
1486 75.852
1487 -45.609
1488 -120.51
1489 23.219
1490 106.217
1491 31.316
1492 -51.682
1493 -49.658
1494 -33.463
1495 -63.828
1496 25.243
1497 -33.463
1498 -15.244
1499 7.024
1500 31.316
1501 43.462
1502 -19.292
1503 2.975
1504 138.607
1505 -17.268
1506 25.243
1507 15.121
1508 75.852
1509 31.316
1510 15.121
1511 -41.56
1512 -13.219
1513 -21.317
1514 -19.292
1515 7.024
1516 65.73
1517 -65.853
1518 49.535
1519 19.17
1520 -35.487
1521 57.633
1522 71.803
1523 -5.122
1524 47.511
1525 128.485
1526 -3.098
1527 -3.098
1528 23.219
1529 81.925
1530 -13.219
1531 37.389
1532 120.388
1533 43.462
1534 69.779
1535 47.511
1536 23.219
1537 96.096
1538 25.243
1539 -13.219
1540 166.948
1541 -57.755
1542 124.436
1543 7.024
1544 -11.195
1545 -1.073
1546 7.024
1547 98.12
1548 -7.146
1549 -77.999
1550 -25.366
1551 7.024
1552 25.243
1553 -11.195
1554 37.389
1555 5.0
1556 79.901
1557 -77.999
1558 37.389
1559 83.949
1560 -45.609
1561 11.073
1562 85.974
1563 -11.195
1564 51.56
1565 120.388
1566 -9.171
1567 5.0
1568 43.462
1569 25.243
1570 -11.195
1571 7.024
1572 69.779
1573 181.118
1574 37.389
1575 0.951
1576 23.219
1577 11.073
1578 35.365
1579 61.682
1580 29.292
1581 -23.341
1582 13.097
1583 -3.098
1584 -31.439
1585 61.682
1586 13.097
1587 -37.512
1588 98.12
1589 0.951
1590 -71.926
1591 -61.804
1592 118.363
1593 15.121
1594 -82.047
1595 51.56
1596 -114.437
1597 -104.315
1598 7.024
1599 7.024
1600 -59.779
1601 9.048
1602 19.17
1603 37.389
1604 -57.755
1605 -17.268
1606 37.389
1607 92.047
1608 15.121
1609 164.923
1610 17.146
1611 25.243
1612 100.144
1613 9.048
1614 41.438
1615 39.414
1616 55.609
1617 11.073
1618 23.219
1619 -142.778
1620 63.706
1621 -13.219
1622 -3.098
1623 49.535
1624 -21.317
1625 120.388
1626 -9.171
1627 61.682
1628 71.803
1629 25.243
1630 -82.047
1631 69.779
1632 -55.731
1633 27.268
1634 -130.632
1635 98.12
1636 19.17
1637 -51.682
1638 -19.292
1639 120.388
1640 5.0
1641 87.998
1642 102.169
1643 17.146
1644 -15.244
1645 -55.731
1646 35.365
1647 136.583
1648 -27.39
1649 92.047
1650 27.268
1651 65.73
1652 -21.317
1653 -39.536
1654 19.17
1655 -75.974
1656 -39.536
1657 45.487
1658 39.414
1659 -13.219
1660 55.609
1661 -9.171
1662 -25.366
1663 55.609
1664 13.097
1665 19.17
1666 -21.317
1667 -21.317
1668 53.584
1669 -1.073
1670 39.414
1671 33.341
1672 -23.341
1673 -11.195
1674 7.024
1675 -19.292
1676 29.292
1677 -11.195
1678 37.389
1679 -27.39
1680 148.729
1681 -13.219
1682 -80.023
1683 130.509
1684 -21.317
1685 69.779
1686 -43.585
1687 0.951
1688 -9.171
1689 15.121
1690 175.045
1691 13.097
1692 19.17
1693 -41.56
1694 61.682
1695 -13.219
1696 -73.95
1697 -5.122
1698 142.656
1699 -19.292
1700 13.097
1701 -9.171
1702 55.609
1703 73.828
1704 -53.706
1705 142.656
1706 -9.171
1707 -1.073
1708 -29.414
1709 -19.292
1710 118.363
1711 -92.169
1712 43.462
1713 71.803
1714 -13.219
1715 -41.56
1716 -21.317
1717 -7.146
1718 -33.463
1719 29.292
1720 -27.39
1721 45.487
1722 -13.219
1723 -1.073
1724 63.706
1725 -27.39
1726 43.462
1727 -15.244
1728 5.0
1729 15.121
1730 35.365
1731 270.19
1732 -19.292
1733 83.949
1734 17.146
1735 -5.122
1736 41.438
1737 168.972
1738 -25.366
1739 7.024
1740 39.414
1741 -61.804
1742 69.779
1743 23.219
1744 -15.244
1745 37.389
1746 19.17
1747 -65.853
1748 23.219
1749 108.242
1750 92.047
1751 -41.56
1752 41.438
1753 -17.268
1754 -75.974
1755 -33.463
1756 81.925
1757 166.948
1758 -51.682
1759 -63.828
1760 7.024
1761 73.828
1762 47.511
1763 59.657
1764 -13.219
1765 -27.39
1766 15.121
1767 15.121
1768 -25.366
1769 65.73
1770 51.56
1771 13.097
1772 67.755
1773 -67.877
1774 31.316
1775 87.998
1776 61.682
1777 69.779
1778 106.217
1779 51.56
1780 61.682
1781 116.339
1782 85.974
1783 31.316
1784 -1.073
1785 27.268
1786 108.242
1787 31.316
1788 -1.073
1789 -43.585
1790 96.096
1791 11.073
1792 -29.414
1793 21.195
1794 -53.706
1795 -39.536
1796 92.047
1797 33.341
1798 -63.828
1799 100.144
1800 -9.171
1801 61.682
1802 -15.244
1803 29.292
1804 9.048
1805 92.047
1806 -29.414
1807 98.12
1808 17.146
1809 -5.122
1810 59.657
1811 0.951
1812 67.755
1813 67.755
1814 17.146
1815 -21.317
1816 -41.56
1817 94.071
1818 81.925
1819 -1.073
1820 11.073
1821 -33.463
1822 45.487
1823 92.047
1824 27.268
1825 -9.171
1826 35.365
1827 83.949
1828 27.268
1829 81.925
1830 114.315
1831 108.242
1832 150.753
1833 49.535
1834 35.365
1835 -67.877
1836 39.414
1837 -77.999
1838 53.584
1839 -45.609
1840 33.341
1841 43.462
1842 -43.585
1843 45.487
1844 5.0
1845 5.0
1846 94.071
1847 -80.023
1848 87.998
1849 79.901
1850 -5.122
1851 19.17
1852 94.071
1853 -33.463
1854 -37.512
1855 15.121
1856 -21.317
1857 -53.706
1858 69.779
1859 69.779
1860 2.975
1861 11.073
1862 59.657
1863 -144.802
1864 -43.585
1865 -27.39
1866 -41.56
1867 31.316
1868 -41.56
1869 15.121
1870 17.146
1871 108.242
1872 -33.463
1873 158.85
1874 11.073
1875 -43.585
1876 19.17
1877 -9.171
1878 -41.56
1879 -90.145
1880 -1.073
1881 -65.853
1882 83.949
1883 65.73
1884 -17.268
1885 2.975
1886 11.073
1887 -179.216
1888 79.901
1889 -19.292
1890 15.121
1891 65.73
1892 -7.146
1893 25.243
1894 -33.463
1895 -33.463
1896 57.633
1897 -49.658
1898 35.365
1899 -116.461
1900 -7.146
1901 -43.585
1902 77.876
1903 98.12
1904 29.292
1905 13.097
1906 -11.195
1907 69.779
1908 73.828
1909 29.292
1910 2.975
1911 47.511
1912 65.73
1913 -106.34
1914 83.949
1915 -35.487
1916 61.682
1917 67.755
1918 85.974
1919 -63.828
1920 63.706
1921 -1.073
1922 37.389
1923 33.341
1924 0.951
1925 79.901
1926 -43.585
1927 -19.292
1928 -39.536
1929 33.341
1930 -39.536
1931 -80.023
1932 81.925
1933 -19.292
1934 5.0
1935 -39.536
1936 -5.122
1937 144.68
1938 -23.341
1939 -23.341
1940 -77.999
1941 -11.195
1942 49.535
1943 -33.463
1944 -7.146
1945 67.755
1946 100.144
1947 51.56
1948 51.56
1949 233.751
1950 -17.268
1951 9.048
1952 -5.122
1953 73.828
1954 45.487
1955 2.975
1956 15.121
1957 27.268
1958 92.047
1959 25.243
1960 -31.439
1961 -86.096
1962 19.17
1963 98.12
1964 -47.633
1965 -31.439
1966 53.584
1967 9.048
1968 61.682
1969 -63.828
1970 114.315
1971 -128.607
1972 90.022
1973 385.578
1974 67.755
1975 29.292
1976 59.657
1977 63.706
1978 -39.536
1979 -25.366
1980 -49.658
1981 -33.463
1982 53.584
1983 -17.268
1984 -19.292
1985 5.0
1986 35.365
1987 132.534
1988 2.975
1989 23.219
1990 65.73
1991 -49.658
1992 31.316
1993 -15.244
1994 21.195
1995 -67.877
1996 29.292
1997 -106.34
1998 41.438
1999 -49.658
2000 0.951
2001 63.706
2002 77.876
2003 31.316
2004 0.951
2005 -11.195
2006 -63.828
2007 37.389
2008 112.29
2009 -43.585
2010 92.047
2011 67.755
2012 -92.169
2013 -41.56
2014 -35.487
2015 73.828
2016 158.85
2017 49.535
2018 -29.414
2019 87.998
2020 69.779
2021 118.363
2022 5.0
2023 -77.999
2024 51.56
2025 57.633
2026 -73.95
2027 -1.073
2028 -148.851
2029 -51.682
2030 -5.122
2031 185.167
2032 -73.95
2033 19.17
2034 59.657
2035 -59.779
2036 100.144
2037 0.951
2038 63.706
2039 -31.439
2040 138.607
2041 21.195
2042 -1.073
2043 25.243
2044 136.583
2045 90.022
2046 65.73
2047 -49.658
2048 15.121
2049 31.316
2050 -55.731
2051 73.828
2052 116.339
2053 -51.682
2054 96.096
2055 -19.292
2056 -5.122
2057 67.755
2058 -11.195
2059 7.024
2060 15.121
2061 -25.366
2062 45.487
2063 47.511
2064 67.755
2065 19.17
2066 69.779
2067 51.56
2068 83.949
2069 118.363
2070 -41.56
2071 -15.244
2072 132.534
2073 -35.487
2074 -90.145
2075 -33.463
2076 -5.122
2077 -49.658
2078 -69.901
2079 73.828
2080 59.657
2081 61.682
2082 -94.193
2083 -51.682
2084 13.097
2085 -7.146
2086 25.243
2087 79.901
2088 -1.073
2089 -31.439
2090 33.341
2091 -3.098
2092 -11.195
2093 5.0
2094 55.609
2095 -59.779
2096 -84.072
2097 -45.609
2098 17.146
2099 -69.901
2100 57.633
2101 17.146
2102 -31.439
2103 31.316
2104 19.17
2105 -114.437
2106 -27.39
2107 90.022
2108 13.097
2109 25.243
2110 -49.658
2111 73.828
2112 41.438
2113 -67.877
2114 39.414
2115 51.56
2116 162.899
2117 -51.682
2118 0.951
2119 -116.461
2120 31.316
2121 39.414
2122 118.363
2123 -45.609
2124 65.73
2125 39.414
2126 25.243
2127 -1.073
2128 -67.877
2129 2.975
2130 23.219
2131 51.56
2132 71.803
2133 65.73
2134 -51.682
2135 37.389
2136 -80.023
2137 -21.317
2138 -90.145
2139 -9.171
2140 -35.487
2141 13.097
2142 21.195
2143 9.048
2144 -7.146
2145 35.365
2146 -21.317
2147 37.389
2148 61.682
2149 -33.463
2150 -3.098
2151 -71.926
2152 -9.171
2153 77.876
2154 -47.633
2155 67.755
2156 158.85
2157 -11.195
2158 -80.023
2159 35.365
2160 -19.292
2161 39.414
2162 23.219
2163 73.828
2164 2.975
2165 -9.171
2166 77.876
2167 65.73
2168 -15.244
2169 -13.219
2170 11.073
2171 -13.219
2172 7.024
2173 27.268
2174 -25.366
2175 94.071
2176 102.169
2177 140.631
2178 106.217
2179 -37.512
2180 -27.39
2181 69.779
2182 -15.244
2183 35.365
2184 17.146
2185 11.073
2186 -31.439
2187 -17.268
2188 -27.39
2189 19.17
2190 79.901
2191 25.243
2192 -67.877
2193 -35.487
2194 -17.268
2195 -51.682
2196 -43.585
2197 -128.607
2198 61.682
2199 90.022
2200 -41.56
2201 134.558
2202 13.097
2203 -3.098
2204 57.633
2205 -77.999
2206 98.12
2207 53.584
2208 -13.219
2209 -96.218
2210 2.975
2211 15.121
2212 19.17
2213 100.144
2214 51.56
2215 -47.633
2216 -92.169
2217 -43.585
2218 49.535
2219 9.048
2220 138.607
2221 63.706
2222 -43.585
2223 -63.828
2224 -167.07
2225 0.951
2226 7.024
2227 -19.292
2228 -13.219
2229 -88.12
2230 29.292
2231 -53.706
2232 -5.122
2233 -43.585
2234 55.609
2235 19.17
2236 43.462
2237 -65.853
2238 -96.218
2239 55.609
2240 126.461
2241 92.047
2242 63.706
2243 92.047
2244 -9.171
2245 53.584
2246 -1.073
2247 -63.828
2248 75.852
2249 -3.098
2250 31.316
2251 83.949
2252 2.975
2253 211.484
2254 -53.706
2255 -41.56
2256 7.024
2257 -55.731
2258 -7.146
2259 -102.291
2260 51.56
2261 187.191
2262 106.217
2263 -69.901
2264 47.511
2265 -45.609
2266 -19.292
2267 63.706
2268 -9.171
2269 -15.244
2270 -7.146
2271 35.365
2272 -37.512
2273 -13.219
2274 0.951
2275 35.365
2276 110.266
2277 13.097
2278 19.17
2279 31.316
2280 83.949
2281 -67.877
2282 -1.073
2283 37.389
2284 -27.39
2285 332.945
2286 -27.39
2287 27.268
2288 63.706
2289 5.0
2290 19.17
2291 -65.853
2292 71.803
2293 15.121
2294 -7.146
2295 -41.56
2296 13.097
2297 -47.633
2298 -55.731
2299 118.363
2300 7.024
2301 -77.999
2302 -21.317
2303 43.462
2304 35.365
2305 25.243
2306 -63.828
2307 94.071
2308 37.389
2309 310.677
2310 -53.706
2311 7.024
2312 43.462
2313 55.609
2314 154.802
2315 -23.341
2316 53.584
2317 -41.56
2318 -88.12
2319 37.389
2320 35.365
2321 5.0
2322 29.292
2323 59.657
2324 -7.146
2325 35.365
2326 -41.56
2327 31.316
2328 -11.195
2329 -39.536
2330 100.144
2331 35.365
2332 83.949
2333 7.024
2334 0.951
2335 -27.39
2336 63.706
2337 -61.804
2338 21.195
2339 126.461
2340 55.609
2341 120.388
2342 71.803
2343 43.462
2344 79.901
2345 -73.95
2346 19.17
2347 -57.755
2348 33.341
2349 -7.146
2350 -27.39
2351 23.219
2352 53.584
2353 7.024
2354 55.609
2355 90.022
2356 -17.268
2357 2.975
2358 9.048
2359 49.535
2360 -61.804
2361 -15.244
2362 -23.341
2363 7.024
2364 -53.706
2365 27.268
2366 -96.218
2367 -29.414
2368 -43.585
2369 63.706
2370 -3.098
2371 25.243
2372 -77.999
2373 47.511
2374 -55.731
2375 37.389
2376 85.974
2377 -7.146
2378 -63.828
2379 61.682
2380 59.657
2381 -9.171
2382 -27.39
2383 -53.706
2384 -13.219
2385 90.022
2386 29.292
2387 21.195
2388 21.195
2389 -27.39
2390 31.316
2391 -7.146
2392 -19.292
2393 37.389
2394 -86.096
2395 15.121
2396 -69.901
2397 0.951
2398 43.462
2399 23.219
2400 27.268
2401 33.341
2402 41.438
2403 -19.292
2404 51.56
2405 -43.585
2406 21.195
2407 31.316
2408 67.755
2409 7.024
2410 -49.658
2411 -25.366
2412 55.609
2413 65.73
2414 104.193
2415 2.975
2416 47.511
2417 9.048
2418 -13.219
2419 -21.317
2420 45.487
2421 17.146
2422 -29.414
2423 85.974
2424 -25.366
2425 98.12
2426 63.706
2427 37.389
2428 73.828
2429 33.341
2430 92.047
2431 37.389
2432 -35.487
2433 -65.853
2434 55.609
2435 75.852
2436 -21.317
2437 90.022
2438 -55.731
2439 -17.268
2440 -1.073
2441 59.657
2442 51.56
2443 43.462
2444 -140.754
2445 -13.219
2446 39.414
2447 73.828
2448 5.0
2449 -39.536
2450 13.097
2451 63.706
2452 2.975
2453 -69.901
2454 108.242
2455 5.0
2456 77.876
2457 130.509
2458 41.438
2459 -31.439
2460 -128.607
2461 -53.706
2462 85.974
2463 27.268
2464 29.292
2465 132.534
2466 51.56
2467 0.951
2468 31.316
2469 2.975
2470 53.584
2471 90.022
2472 63.706
2473 57.633
2474 43.462
2475 110.266
2476 49.535
2477 -49.658
2478 57.633
2479 2.975
2480 -73.95
2481 116.339
2482 122.412
2483 -122.534
2484 41.438
2485 -39.536
2486 33.341
2487 -69.901
2488 51.56
2489 49.535
2490 -1.073
2491 67.755
2492 -49.658
2493 -80.023
2494 11.073
2495 -9.171
2496 19.17
2497 160.875
2498 39.414
2499 -17.268
2500 -7.146
2501 31.316
2502 -57.755
2503 110.266
2504 59.657
2505 15.121
2506 2.975
2507 15.121
2508 -19.292
2509 -3.098
2510 27.268
2511 -29.414
2512 -33.463
2513 15.121
2514 0.951
2515 -7.146
2516 39.414
2517 -17.268
2518 5.0
2519 13.097
2520 41.438
2521 120.388
2522 -25.366
2523 -35.487
2524 2.975
2525 98.12
2526 45.487
2527 67.755
2528 -3.098
2529 -39.536
2530 7.024
2531 -29.414
2532 -67.877
2533 37.389
2534 -63.828
2535 27.268
2536 2.975
2537 55.609
2538 2.975
2539 35.365
2540 -21.317
2541 -9.171
2542 -37.512
2543 31.316
2544 -39.536
2545 -57.755
2546 -23.341
2547 98.12
2548 -47.633
2549 -21.317
2550 -1.073
2551 29.292
2552 9.048
2553 -59.779
2554 23.219
2555 -77.999
2556 -15.244
2557 13.097
2558 25.243
2559 57.633
2560 43.462
2561 69.779
2562 5.0
2563 -96.218
2564 53.584
2565 63.706
2566 19.17
2567 -45.609
2568 45.487
2569 -57.755
2570 73.828
2571 69.779
2572 25.243
2573 79.901
2574 -21.317
2575 15.121
2576 5.0
2577 73.828
2578 7.024
2579 -94.193
2580 63.706
2581 -100.267
2582 9.048
2583 33.341
2584 53.584
2585 -63.828
2586 13.097
2587 -71.926
2588 15.121
2589 0.951
2590 23.219
2591 9.048
2592 59.657
2593 -31.439
2594 116.339
2595 -5.122
2596 35.365
2597 140.631
2598 -33.463
2599 15.121
2600 185.167
2601 -110.388
2602 53.584
2603 -51.682
2604 33.341
2605 -1.073
2606 -29.414
2607 75.852
2608 85.974
2609 -1.073
2610 -136.705
2611 -112.413
2612 43.462
2613 75.852
2614 47.511
2615 23.219
2616 47.511
2617 41.438
2618 53.584
2619 -5.122
2620 79.901
2621 19.17
2622 13.097
2623 -67.877
2624 19.17
2625 27.268
2626 -51.682
2627 -41.56
2628 -3.098
2629 63.706
2630 83.949
2631 -13.219
2632 9.048
2633 11.073
2634 -43.585
2635 -19.292
2636 69.779
2637 39.414
2638 61.682
2639 -39.536
2640 75.852
2641 -13.219
2642 5.0
2643 47.511
2644 -96.218
2645 -43.585
2646 5.0
2647 -33.463
2648 -86.096
2649 -1.073
2650 9.048
2651 85.974
2652 -5.122
2653 -25.366
2654 63.706
2655 -114.437
2656 -11.195
2657 0.951
2658 -33.463
2659 -82.047
2660 -13.219
2661 -75.974
2662 -43.585
2663 85.974
2664 -65.853
2665 -35.487
2666 33.341
2667 -37.512
2668 2.975
2669 -1.073
2670 7.024
2671 -82.047
2672 120.388
2673 43.462
2674 19.17
2675 13.097
2676 -39.536
2677 15.121
2678 -35.487
2679 128.485
2680 0.951
2681 45.487
2682 55.609
2683 110.266
2684 -43.585
2685 -23.341
2686 19.17
2687 205.41
2688 35.365
2689 -82.047
2690 -5.122
2691 29.292
2692 15.121
2693 -29.414
2694 -5.122
2695 108.242
2696 37.389
2697 39.414
2698 -69.901
2699 -77.999
2700 -33.463
2701 90.022
2702 45.487
2703 -84.072
2704 100.144
2705 53.584
2706 45.487
2707 144.68
2708 35.365
2709 11.073
2710 23.219
2711 -55.731
2712 2.975
2713 59.657
2714 39.414
2715 -43.585
2716 -61.804
2717 114.315
2718 63.706
2719 -37.512
2720 27.268
2721 17.146
2722 -23.341
2723 59.657
2724 55.609
2725 37.389
2726 104.193
2727 -57.755
2728 29.292
2729 98.12
2730 126.461
2731 -13.219
2732 25.243
2733 21.195
2734 -11.195
2735 -23.341
2736 -100.267
2737 -69.901
2738 92.047
2739 -5.122
2740 85.974
2741 -90.145
2742 110.266
2743 -43.585
2744 43.462
2745 27.268
2746 100.144
2747 -128.607
2748 -17.268
2749 -82.047
2750 0.951
2751 17.146
2752 2.975
2753 19.17
2754 -150.875
2755 -15.244
2756 39.414
2757 83.949
2758 94.071
2759 106.217
2760 69.779
2761 43.462
2762 41.438
2763 9.048
2764 -88.12
2765 67.755
2766 -63.828
2767 -5.122
2768 47.511
2769 -51.682
2770 21.195
2771 -17.268
2772 63.706
2773 69.779
2774 27.268
2775 -13.219
2776 -33.463
2777 13.097
2778 -1.073
2779 -94.193
2780 45.487
2781 63.706
2782 55.609
2783 59.657
2784 92.047
2785 19.17
2786 77.876
2787 -19.292
2788 -7.146
2789 179.094
2790 -27.39
2791 85.974
2792 51.56
2793 41.438
2794 96.096
2795 17.146
2796 19.17
2797 -13.219
2798 27.268
2799 96.096
2800 92.047
2801 23.219
2802 41.438
2803 -69.901
2804 -61.804
2805 51.56
2806 -35.487
2807 41.438
2808 61.682
2809 57.633
2810 -17.268
2811 23.219
2812 -49.658
2813 5.0
2814 136.583
2815 31.316
2816 -27.39
2817 15.121
2818 9.048
2819 -15.244
2820 41.438
2821 7.024
2822 7.024
2823 65.73
2824 227.678
2825 98.12
2826 -39.536
2827 -120.51
2828 57.633
2829 90.022
2830 55.609
2831 120.388
2832 102.169
2833 -13.219
2834 -35.487
2835 -27.39
2836 85.974
2837 45.487
2838 7.024
2839 55.609
2840 -11.195
2841 -19.292
2842 -37.512
2843 -11.195
2844 77.876
2845 47.511
2846 25.243
2847 -49.658
2848 -17.268
2849 73.828
2850 43.462
2851 45.487
2852 19.17
2853 67.755
2854 17.146
2855 59.657
2856 81.925
2857 17.146
2858 37.389
2859 100.144
2860 29.292
2861 162.899
2862 21.195
2863 59.657
2864 -7.146
2865 -51.682
2866 -23.341
2867 75.852
2868 41.438
2869 21.195
2870 21.195
2871 -88.12
2872 -45.609
2873 55.609
2874 7.024
2875 92.047
2876 -55.731
2877 47.511
2878 35.365
2879 15.121
2880 79.901
2881 -77.999
2882 -21.317
2883 -17.268
2884 -11.195
2885 -39.536
2886 63.706
2887 -27.39
2888 87.998
2889 104.193
2890 79.901
2891 0.951
2892 170.997
2893 67.755
2894 25.243
2895 -53.706
2896 -27.39
2897 -45.609
2898 -3.098
2899 13.097
2900 -3.098
2901 47.511
2902 81.925
2903 55.609
2904 -43.585
2905 -73.95
2906 55.609
2907 173.021
2908 -25.366
2909 65.73
2910 -25.366
2911 71.803
2912 27.268
2913 -51.682
2914 -3.098
2915 45.487
2916 61.682
2917 108.242
2918 23.219
2919 71.803
2920 -37.512
2921 33.341
2922 31.316
2923 -9.171
2924 29.292
2925 69.779
2926 -23.341
2927 75.852
2928 -5.122
2929 118.363
2930 25.243
2931 -9.171
2932 61.682
2933 41.438
2934 -3.098
2935 -112.413
2936 -73.95
2937 -51.682
2938 -1.073
2939 73.828
2940 -23.341
2941 126.461
2942 -9.171
2943 102.169
2944 166.948
2945 -23.341
2946 71.803
2947 13.097
2948 15.121
2949 -23.341
2950 124.436
2951 49.535
2952 41.438
2953 -39.536
2954 96.096
2955 -3.098
2956 -92.169
2957 15.121
2958 132.534
2959 29.292
2960 -108.364
2961 -1.073
2962 -88.12
2963 7.024
2964 2.975
2965 -21.317
2966 79.901
2967 45.487
2968 -43.585
2969 67.755
2970 -43.585
2971 -104.315
2972 87.998
2973 55.609
2974 11.073
2975 -37.512
2976 -65.853
2977 13.097
2978 55.609
2979 -29.414
2980 -15.244
2981 -3.098
2982 -94.193
2983 -25.366
2984 -45.609
2985 -1.073
2986 37.389
2987 -23.341
2988 11.073
2989 9.048
2990 -67.877
2991 102.169
2992 37.389
2993 106.217
2994 37.389
2995 179.094
2996 -35.487
2997 13.097
2998 -29.414
2999 106.217
3000 19.17
3001 -3.098
3002 2.975
3003 33.341
3004 55.609
3005 -5.122
3006 -33.463
3007 -63.828
3008 27.268
3009 27.268
3010 -53.706
3011 -29.414
3012 21.195
3013 -25.366
3014 57.633
3015 -11.195
3016 -1.073
3017 -110.388
3018 63.706
3019 114.315
3020 -29.414
3021 47.511
3022 2.975
3023 -57.755
3024 -53.706
3025 92.047
3026 -5.122
3027 120.388
3028 96.096
3029 81.925
3030 77.876
3031 -25.366
3032 59.657
3033 59.657
3034 25.243
3035 110.266
3036 -65.853
3037 -82.047
3038 65.73
3039 -25.366
3040 -59.779
3041 17.146
3042 63.706
3043 39.414
3044 35.365
3045 134.558
3046 90.022
3047 27.268
3048 29.292
3049 -11.195
3050 83.949
3051 33.341
3052 -27.39
3053 59.657
3054 7.024
3055 -98.242
3056 35.365
3057 31.316
3058 -21.317
3059 15.121
3060 -84.072
3061 45.487
3062 -41.56
3063 19.17
3064 55.609
3065 -15.244
3066 27.268
3067 53.584
3068 -31.439
3069 94.071
3070 7.024
3071 39.414
3072 94.071
3073 106.217
3074 94.071
3075 -5.122
3076 -61.804
3077 7.024
3078 -33.463
3079 53.584
3080 27.268
3081 100.144
3082 162.899
3083 -47.633
3084 65.73
3085 110.266
3086 2.975
3087 96.096
3088 27.268
3089 -57.755
3090 73.828
3091 11.073
3092 134.558
3093 37.389
3094 0.951
3095 81.925
3096 104.193
3097 -55.731
3098 140.631
3099 -39.536
3100 85.974
3101 45.487
3102 51.56
3103 13.097
3104 9.048
3105 -39.536
3106 11.073
3107 67.755
3108 23.219
3109 -37.512
3110 39.414
3111 0.951
3112 92.047
3113 25.243
3114 -17.268
3115 -9.171
3116 85.974
3117 -39.536
3118 112.29
3119 110.266
3120 31.316
3121 124.436
3122 7.024
3123 69.779
3124 -108.364
3125 -41.56
3126 -11.195
3127 179.094
3128 37.389
3129 -1.073
3130 55.609
3131 -21.317
3132 45.487
3133 15.121
3134 102.169
3135 -59.779
3136 -1.073
3137 13.097
3138 7.024
3139 55.609
3140 59.657
3141 61.682
3142 -41.56
3143 81.925
3144 27.268
3145 -148.851
3146 19.17
3147 17.146
3148 140.631
3149 25.243
3150 63.706
3151 -53.706
3152 23.219
3153 45.487
3154 -9.171
3155 2.975
3156 0.951
3157 37.389
3158 -21.317
3159 2.975
3160 11.073
3161 94.071
3162 53.584
3163 -11.195
3164 41.438
3165 -57.755
3166 -33.463
3167 -51.682
3168 -3.098
3169 27.268
3170 -11.195
3171 9.048
3172 65.73
3173 108.242
3174 75.852
3175 -11.195
3176 31.316
3177 37.389
3178 39.414
3179 81.925
3180 49.535
3181 21.195
3182 21.195
3183 251.971
3184 47.511
3185 67.755
3186 25.243
3187 13.097
3188 57.633
3189 13.097
3190 108.242
3191 35.365
3192 35.365
3193 -49.658
3194 73.828
3195 112.29
3196 -19.292
3197 96.096
3198 106.217
3199 33.341
3200 15.121
3201 -39.536
3202 -35.487
3203 85.974
3204 -142.778
3205 7.024
3206 61.682
3207 -102.291
3208 96.096
3209 37.389
3210 -5.122
3211 146.704
3212 201.362
3213 67.755
3214 2.975
3215 94.071
3216 75.852
3217 33.341
3218 -7.146
3219 -35.487
3220 13.097
3221 31.316
3222 -3.098
3223 112.29
3224 -35.487
3225 -84.072
3226 29.292
3227 0.951
3228 13.097
3229 9.048
3230 -49.658
3231 65.73
3232 -59.779
3233 -7.146
3234 -96.218
3235 -53.706
3236 181.118
3237 33.341
3238 134.558
3239 5.0
3240 25.243
3241 -102.291
3242 2.975
3243 5.0
3244 17.146
3245 -27.39
3246 35.365
3247 112.29
3248 -37.512
3249 146.704
3250 11.073
3251 98.12
3252 114.315
3253 27.268
3254 -1.073
3255 17.146
3256 -57.755
3257 136.583
3258 41.438
3259 41.438
3260 -3.098
3261 258.044
3262 -17.268
3263 49.535
3264 -51.682
3265 39.414
3266 41.438
3267 -82.047
3268 29.292
3269 31.316
3270 -7.146
3271 -71.926
3272 49.535
3273 -84.072
3274 -45.609
3275 -21.317
3276 -17.268
3277 35.365
3278 21.195
3279 31.316
3280 -39.536
3281 114.315
3282 -11.195
3283 21.195
3284 17.146
3285 63.706
3286 63.706
3287 98.12
3288 110.266
3289 21.195
3290 63.706
3291 191.24
3292 73.828
3293 51.56
3294 -17.268
3295 9.048
3296 -63.828
3297 23.219
3298 -33.463
3299 47.511
3300 -11.195
3301 -37.512
3302 -33.463
3303 -15.244
3304 13.097
3305 35.365
3306 59.657
3307 51.56
3308 -114.437
3309 -5.122
3310 140.631
3311 49.535
3312 39.414
3313 -57.755
3314 75.852
3315 -19.292
3316 -47.633
3317 9.048
3318 116.339
3319 27.268
3320 -43.585
3321 9.048
3322 -1.073
3323 168.972
3324 -31.439
3325 2.975
3326 17.146
3327 -23.341
3328 156.826
3329 112.29
3330 83.949
3331 166.948
3332 33.341
3333 43.462
3334 116.339
3335 61.682
3336 43.462
3337 37.389
3338 -47.633
3339 -35.487
3340 108.242
3341 61.682
3342 9.048
3343 -23.341
3344 -3.098
3345 -45.609
3346 128.485
3347 -61.804
3348 128.485
3349 130.509
3350 -35.487
3351 92.047
3352 -80.023
3353 -41.56
3354 -47.633
3355 128.485
3356 219.581
3357 -47.633
3358 37.389
3359 100.144
3360 124.436
3361 29.292
3362 15.121
3363 166.948
3364 -43.585
3365 13.097
3366 53.584
3367 23.219
3368 92.047
3369 -45.609
3370 -27.39
3371 132.534
3372 9.048
3373 134.558
3374 13.097
3375 -31.439
3376 -63.828
3377 -67.877
3378 75.852
3379 104.193
3380 29.292
3381 35.365
3382 11.073
3383 -90.145
3384 -5.122
3385 9.048
3386 83.949
3387 -15.244
3388 29.292
3389 102.169
3390 -57.755
3391 37.389
3392 49.535
3393 2.975
3394 11.073
3395 -43.585
3396 7.024
3397 -39.536
3398 -21.317
3399 0.951
3400 -17.268
3401 29.292
3402 -55.731
3403 -29.414
3404 -3.098
3405 102.169
3406 69.779
3407 -61.804
3408 90.022
3409 37.389
3410 189.216
3411 144.68
3412 130.509
3413 39.414
3414 -39.536
3415 65.73
3416 21.195
3417 150.753
3418 -96.218
3419 -104.315
3420 -51.682
3421 11.073
3422 41.438
3423 116.339
3424 112.29
3425 -27.39
3426 51.56
3427 7.024
3428 -9.171
3429 17.146
3430 -23.341
3431 31.316
3432 19.17
3433 51.56
3434 -31.439
3435 13.097
3436 100.144
3437 11.073
3438 57.633
3439 13.097
3440 71.803
3441 -11.195
3442 -51.682
3443 -37.512
3444 106.217
3445 -73.95
3446 -33.463
3447 -15.244
3448 27.268
3449 73.828
3450 73.828
3451 -25.366
3452 17.146
3453 -47.633
3454 102.169
3455 -35.487
3456 90.022
3457 75.852
3458 -65.853
3459 -9.171
3460 -9.171
3461 -122.534
3462 203.386
3463 33.341
3464 94.071
3465 -27.39
3466 39.414
3467 13.097
3468 15.121
3469 7.024
3470 25.243
3471 81.925
3472 39.414
3473 -82.047
3474 53.584
3475 -3.098
3476 -1.073
3477 98.12
3478 47.511
3479 92.047
3480 -23.341
3481 -47.633
3482 17.146
3483 -1.073
3484 55.609
3485 -84.072
3486 -65.853
3487 25.243
3488 61.682
3489 23.219
3490 31.316
3491 75.852
3492 -1.073
3493 33.341
3494 2.975
3495 21.195
3496 102.169
3497 -19.292
3498 0.951
3499 -1.073
3500 -39.536
3501 27.268
3502 11.073
3503 -43.585
3504 11.073
3505 47.511
3506 51.56
3507 114.315
3508 23.219
3509 53.584
3510 5.0
3511 -51.682
3512 11.073
3513 0.951
3514 63.706
3515 41.438
3516 67.755
3517 17.146
3518 21.195
3519 0.951
3520 5.0
3521 77.876
3522 59.657
3523 -15.244
3524 39.414
3525 69.779
3526 45.487
3527 2.975
3528 69.779
3529 104.193
3530 -75.974
3531 -31.439
3532 -7.146
3533 -7.146
3534 41.438
3535 83.949
3536 -7.146
3537 73.828
3538 29.292
3539 9.048
3540 61.682
3541 79.901
3542 17.146
3543 -7.146
3544 23.219
3545 5.0
3546 -17.268
3547 -15.244
3548 27.268
3549 -23.341
3550 33.341
3551 29.292
3552 13.097
3553 -11.195
3554 -77.999
3555 53.584
3556 -7.146
3557 15.121
3558 118.363
3559 21.195
3560 9.048
3561 -11.195
3562 -11.195
3563 -61.804
3564 31.316
3565 59.657
3566 110.266
3567 -59.779
3568 65.73
3569 98.12
3570 7.024
3571 13.097
3572 -7.146
3573 -39.536
3574 134.558
3575 47.511
3576 100.144
3577 -51.682
3578 19.17
3579 21.195
3580 29.292
3581 -59.779
3582 -37.512
3583 13.097
3584 -19.292
3585 108.242
3586 -47.633
3587 19.17
3588 -39.536
3589 -1.073
3590 -23.341
3591 25.243
3592 -19.292
3593 -43.585
3594 -35.487
3595 -1.073
3596 -61.804
3597 -27.39
3598 17.146
3599 15.121
3600 160.875
3601 312.701
3602 45.487
3603 -9.171
3604 -27.39
3605 85.974
3606 23.219
3607 -31.439
3608 47.511
3609 51.56
3610 146.704
3611 -19.292
3612 -148.851
3613 -33.463
3614 96.096
3615 -67.877
3616 21.195
3617 -82.047
3618 110.266
3619 104.193
3620 235.776
3621 7.024
3622 -7.146
3623 45.487
3624 41.438
3625 -1.073
3626 94.071
3627 59.657
3628 73.828
3629 -61.804
3630 25.243
3631 -3.098
3632 13.097
3633 9.048
3634 -27.39
3635 7.024
3636 17.146
3637 37.389
3638 -11.195
3639 -51.682
3640 -49.658
3641 69.779
3642 69.779
3643 37.389
3644 55.609
3645 140.631
3646 160.875
3647 -7.146
3648 31.316
3649 47.511
3650 51.56
3651 -9.171
3652 -29.414
3653 0.951
3654 -1.073
3655 0.951
3656 75.852
3657 156.826
3658 -94.193
3659 114.315
3660 -53.706
3661 -67.877
3662 65.73
3663 35.365
3664 11.073
3665 49.535
3666 21.195
3667 11.073
3668 -25.366
3669 -41.56
3670 13.097
3671 11.073
3672 112.29
3673 73.828
3674 -3.098
3675 49.535
3676 43.462
3677 175.045
3678 11.073
3679 63.706
3680 -27.39
3681 -80.023
3682 41.438
3683 -63.828
3684 -23.341
3685 69.779
3686 7.024
3687 -39.536
3688 128.485
3689 -92.169
3690 -25.366
3691 -27.39
3692 -45.609
3693 17.146
3694 -37.512
3695 -65.853
3696 -82.047
3697 -63.828
3698 67.755
3699 152.777
3700 9.048
3701 -69.901
3702 -1.073
3703 -33.463
3704 49.535
3705 -49.658
3706 85.974
3707 13.097
3708 15.121
3709 -43.585
3710 79.901
3711 47.511
3712 29.292
3713 -53.706
3714 -25.366
3715 -25.366
3716 -33.463
3717 156.826
3718 7.024
3719 73.828
3720 -21.317
3721 11.073
3722 21.195
3723 -82.047
3724 -15.244
3725 67.755
3726 -90.145
3727 -75.974
3728 37.389
3729 -43.585
3730 7.024
3731 -11.195
3732 -53.706
3733 -7.146
3734 37.389
3735 51.56
3736 27.268
3737 102.169
3738 15.121
3739 -33.463
3740 13.097
3741 -7.146
3742 -19.292
3743 33.341
3744 152.777
3745 -39.536
3746 -43.585
3747 13.097
3748 47.511
3749 25.243
3750 45.487
3751 -80.023
3752 -19.292
3753 -21.317
3754 65.73
3755 -55.731
3756 23.219
3757 23.219
3758 37.389
3759 -39.536
3760 53.584
3761 75.852
3762 -29.414
3763 7.024
3764 65.73
3765 -33.463
3766 37.389
3767 -7.146
3768 5.0
3769 13.097
3770 -75.974
3771 -57.755
3772 -33.463
3773 134.558
3774 43.462
3775 75.852
3776 -9.171
3777 17.146
3778 19.17
3779 -9.171
3780 -71.926
3781 -19.292
3782 -37.512
3783 -47.633
3784 75.852
3785 5.0
3786 21.195
3787 49.535
3788 -69.901
3789 106.217
3790 45.487
3791 140.631
3792 79.901
3793 53.584
3794 102.169
3795 29.292
3796 9.048
3797 19.17
3798 17.146
3799 134.558
3800 45.487
3801 -25.366
3802 77.876
3803 -49.658
3804 -45.609
3805 39.414
3806 130.509
3807 -80.023
3808 100.144
3809 104.193
3810 -23.341
3811 69.779
3812 -27.39
3813 -43.585
3814 -9.171
3815 75.852
3816 -11.195
3817 -39.536
3818 -47.633
3819 100.144
3820 59.657
3821 -19.292
3822 177.07
3823 87.998
3824 -96.218
3825 -21.317
3826 -23.341
3827 -11.195
3828 25.243
3829 67.755
3830 0.951
3831 -3.098
3832 43.462
3833 63.706
3834 164.923
3835 -21.317
3836 102.169
3837 -41.56
3838 -65.853
3839 -27.39
3840 -37.512
3841 -31.439
3842 183.143
3843 41.438
3844 67.755
3845 19.17
3846 -61.804
3847 69.779
3848 65.73
3849 -43.585
3850 79.901
3851 31.316
3852 7.024
3853 31.316
3854 25.243
3855 5.0
3856 19.17
3857 19.17
3858 -33.463
3859 69.779
3860 -77.999
3861 -7.146
3862 -49.658
3863 13.097
3864 21.195
3865 15.121
3866 -67.877
3867 102.169
3868 53.584
3869 5.0
3870 -17.268
3871 -11.195
3872 -29.414
3873 37.389
3874 7.024
3875 55.609
3876 -120.51
3877 17.146
3878 -69.901
3879 15.121
3880 -102.291
3881 -11.195
3882 83.949
3883 -49.658
3884 -19.292
3885 -63.828
3886 2.975
3887 55.609
3888 33.341
3889 -19.292
3890 -27.39
3891 23.219
3892 -49.658
3893 120.388
3894 -86.096
3895 -37.512
3896 -21.317
3897 33.341
3898 9.048
3899 -45.609
3900 21.195
3901 37.389
3902 23.219
3903 -9.171
3904 5.0
3905 -80.023
3906 15.121
3907 9.048
3908 -25.366
3909 43.462
3910 -9.171
3911 0.951
3912 130.509
3913 25.243
3914 85.974
3915 47.511
3916 -21.317
3917 31.316
3918 47.511
3919 -11.195
3920 19.17
3921 19.17
3922 112.29
3923 -29.414
3924 -21.317
3925 79.901
3926 17.146
3927 -75.974
3928 33.341
3929 -19.292
3930 -9.171
3931 -71.926
3932 19.17
3933 122.412
3934 142.656
3935 17.146
3936 43.462
3937 -9.171
3938 35.365
3939 27.268
3940 83.949
3941 -144.802
3942 51.56
3943 0.951
3944 -15.244
3945 31.316
3946 -106.34
3947 -13.219
3948 13.097
3949 -21.317
3950 -11.195
3951 11.073
3952 65.73
3953 -41.56
3954 43.462
3955 11.073
3956 -31.439
3957 -13.219
3958 37.389
3959 53.584
3960 41.438
3961 0.951
3962 41.438
3963 -59.779
3964 -80.023
3965 87.998
3966 -15.244
3967 0.951
3968 -23.341
3969 -118.486
3970 -148.851
3971 41.438
3972 81.925
3973 55.609
3974 11.073
3975 92.047
3976 -35.487
3977 15.121
3978 -59.779
3979 67.755
3980 175.045
3981 -13.219
3982 25.243
3983 43.462
3984 57.633
3985 -9.171
3986 -55.731
3987 13.097
3988 -23.341
3989 45.487
3990 -17.268
3991 11.073
3992 69.779
3993 -13.219
3994 -19.292
3995 39.414
3996 -15.244
3997 25.243
3998 15.121
3999 -3.098
4000 -82.047
4001 15.121
4002 -19.292
4003 -33.463
4004 51.56
4005 -45.609
4006 -1.073
4007 -11.195
4008 -82.047
4009 39.414
4010 -7.146
4011 -1.073
4012 57.633
4013 -77.999
4014 -27.39
4015 -7.146
4016 -65.853
4017 -67.877
4018 -9.171
4019 17.146
4020 108.242
4021 -86.096
4022 -102.291
4023 43.462
4024 -59.779
4025 -51.682
4026 -55.731
4027 -57.755
4028 2.975
4029 25.243
4030 -65.853
4031 61.682
4032 -19.292
4033 19.17
4034 9.048
4035 -65.853
4036 -75.974
4037 43.462
4038 79.901
4039 71.803
4040 45.487
4041 106.217
4042 49.535
4043 61.682
4044 -37.512
4045 -15.244
4046 5.0
4047 -11.195
4048 0.951
4049 -5.122
4050 2.975
4051 -33.463
4052 39.414
4053 -51.682
4054 -80.023
4055 -59.779
4056 47.511
4057 -21.317
4058 21.195
4059 -17.268
4060 33.341
4061 -51.682
4062 27.268
4063 55.609
4064 31.316
4065 -53.706
4066 -29.414
4067 -45.609
4068 55.609
4069 53.584
4070 -77.999
4071 47.511
4072 -3.098
4073 -27.39
4074 13.097
4075 47.511
4076 -5.122
4077 -132.656
4078 73.828
4079 67.755
4080 0.951
4081 -25.366
4082 57.633
4083 35.365
4084 -82.047
4085 -35.487
4086 -35.487
4087 43.462
4088 21.195
4089 -19.292
4090 100.144
4091 -100.267
4092 7.024
4093 -75.974
4094 9.048
4095 -19.292
4096 0.951
4097 27.268
4098 -61.804
4099 152.777
4100 -73.95
4101 57.633
4102 -108.364
4103 13.097
4104 -43.585
4105 -73.95
4106 -84.072
4107 -21.317
4108 49.535
4109 -98.242
4110 -15.244
4111 -41.56
4112 27.268
4113 87.998
4114 -51.682
4115 -80.023
4116 27.268
4117 -69.901
4118 -17.268
4119 -51.682
4120 61.682
4121 37.389
4122 39.414
4123 21.195
4124 -31.439
4125 15.121
4126 43.462
4127 96.096
4128 -35.487
4129 81.925
4130 -1.073
4131 0.951
4132 -43.585
4133 -47.633
4134 120.388
4135 -39.536
4136 -19.292
4137 -43.585
4138 -11.195
4139 -15.244
4140 83.949
4141 -11.195
4142 37.389
4143 -11.195
4144 -39.536
4145 -98.242
4146 -33.463
4147 -35.487
4148 -41.56
4149 29.292
4150 21.195
4151 -13.219
4152 37.389
4153 -41.56
4154 98.12
4155 -25.366
4156 -11.195
4157 63.706
4158 -69.901
4159 29.292
4160 33.341
4161 -15.244
4162 -41.56
4163 -19.292
4164 -5.122
4165 53.584
4166 25.243
4167 -7.146
4168 -1.073
4169 41.438
4170 2.975
4171 -31.439
4172 116.339
4173 -39.536
4174 27.268
4175 37.389
4176 -25.366
4177 -75.974
4178 -45.609
4179 25.243
4180 -25.366
4181 39.414
4182 71.803
4183 -27.39
4184 53.584
4185 7.024
4186 33.341
4187 -7.146
4188 112.29
4189 -102.291
4190 57.633
4191 -63.828
4192 -27.39
4193 61.682
4194 43.462
4195 136.583
4196 -31.439
4197 11.073
4198 90.022
4199 -17.268
4200 -11.195
4201 65.73
4202 2.975
4203 9.048
4204 7.024
4205 41.438
4206 2.975
4207 13.097
4208 5.0
4209 0.951
4210 51.56
4211 -41.56
4212 -3.098
4213 -3.098
4214 -116.461
4215 15.121
4216 -5.122
4217 -61.804
4218 -27.39
4219 87.998
4220 25.243
4221 2.975
4222 61.682
4223 -63.828
4224 15.121
4225 41.438
4226 -7.146
4227 -49.658
4228 -80.023
4229 -33.463
4230 -5.122
4231 98.12
4232 -96.218
4233 -84.072
4234 -96.218
4235 19.17
4236 55.609
4237 -31.439
4238 33.341
4239 -13.219
4240 63.706
4241 -31.439
4242 43.462
4243 11.073
4244 51.56
4245 75.852
4246 -88.12
4247 -15.244
4248 -3.098
4249 -82.047
4250 19.17
4251 -1.073
4252 -73.95
4253 -45.609
4254 67.755
4255 -63.828
4256 100.144
4257 51.56
4258 -71.926
4259 -82.047
4260 79.901
4261 -1.073
4262 -35.487
4263 83.949
4264 61.682
4265 51.56
4266 -37.512
4267 -98.242
4268 -41.56
4269 -39.536
4270 35.365
4271 -19.292
4272 -55.731
4273 -23.341
4274 37.389
4275 67.755
4276 -106.34
4277 -25.366
4278 7.024
4279 -43.585
4280 77.876
4281 -3.098
4282 83.949
4283 11.073
4284 -84.072
4285 85.974
4286 65.73
4287 -82.047
4288 -23.341
4289 9.048
4290 -67.877
4291 31.316
4292 19.17
4293 35.365
4294 21.195
4295 -11.195
4296 -63.828
4297 57.633
4298 41.438
4299 -45.609
4300 67.755
4301 5.0
4302 -45.609
4303 -29.414
4304 5.0
4305 25.243
4306 -96.218
4307 -152.9
4308 73.828
4309 -39.536
4310 104.193
4311 49.535
4312 -19.292
4313 21.195
4314 81.925
4315 67.755
4316 57.633
4317 -49.658
4318 -9.171
4319 -73.95
4320 15.121
4321 -39.536
4322 -29.414
4323 57.633
4324 -9.171
4325 -33.463
4326 57.633
4327 71.803
4328 -57.755
4329 35.365
4330 2.975
4331 67.755
4332 27.268
4333 112.29
4334 27.268
4335 33.341
4336 13.097
4337 -15.244
4338 87.998
4339 -35.487
4340 39.414
4341 67.755
4342 41.438
4343 13.097
4344 35.365
4345 5.0
4346 43.462
4347 7.024
4348 9.048
4349 -11.195
4350 65.73
4351 5.0
4352 11.073
4353 -23.341
4354 19.17
4355 -57.755
4356 5.0
4357 -33.463
4358 65.73
4359 87.998
4360 19.17
4361 47.511
4362 27.268
4363 -1.073
4364 21.195
4365 -3.098
4366 -39.536
4367 2.975
4368 65.73
4369 -17.268
4370 23.219
4371 2.975
4372 -104.315
4373 -17.268
4374 7.024
4375 17.146
4376 -11.195
4377 13.097
4378 -37.512
4379 37.389
4380 5.0
4381 -43.585
4382 13.097
4383 -31.439
4384 -43.585
4385 -65.853
4386 15.121
4387 -80.023
4388 77.876
4389 35.365
4390 108.242
4391 166.948
4392 -29.414
4393 5.0
4394 69.779
4395 47.511
4396 -61.804
4397 -37.512
4398 -45.609
4399 41.438
4400 59.657
4401 -33.463
4402 -124.559
4403 -3.098
4404 -39.536
4405 77.876
4406 75.852
4407 5.0
4408 -75.974
4409 -41.56
4410 25.243
4411 -33.463
4412 -73.95
4413 11.073
4414 21.195
4415 -33.463
4416 55.609
4417 17.146
4418 -21.317
4419 -3.098
4420 92.047
4421 92.047
4422 29.292
4423 -13.219
4424 23.219
4425 -11.195
4426 -43.585
4427 2.975
4428 43.462
4429 -19.292
4430 -90.145
4431 -17.268
4432 -3.098
4433 59.657
4434 -59.779
4435 -1.073
4436 37.389
4437 -84.072
4438 -7.146
4439 73.828
4440 -25.366
4441 9.048
4442 81.925
4443 106.217
4444 -63.828
4445 -5.122
4446 25.243
4447 -21.317
4448 -5.122
4449 -88.12
4450 -5.122
4451 -49.658
4452 11.073
4453 -27.39
4454 71.803
4455 37.389
4456 9.048
4457 -31.439
4458 -29.414
4459 -9.171
4460 43.462
4461 11.073
4462 -3.098
4463 -1.073
4464 -21.317
4465 -33.463
4466 -15.244
4467 51.56
4468 -55.731
4469 -96.218
4470 -41.56
4471 55.609
4472 39.414
4473 7.024
4474 21.195
4475 77.876
4476 41.438
4477 5.0
4478 110.266
4479 -15.244
4480 -102.291
4481 29.292
4482 79.901
4483 -41.56
4484 -35.487
4485 -69.901
4486 47.511
4487 71.803
4488 19.17
4489 -92.169
4490 -7.146
4491 -43.585
4492 43.462
4493 65.73
4494 71.803
4495 126.461
4496 67.755
4497 19.17
4498 -13.219
4499 2.975
4500 51.56
4501 -3.098
4502 63.706
4503 -7.146
4504 -19.292
4505 -57.755
4506 45.487
4507 41.438
4508 -61.804
4509 29.292
4510 -114.437
4511 39.414
4512 75.852
4513 69.779
4514 7.024
4515 83.949
4516 -80.023
4517 -39.536
4518 45.487
4519 13.097
4520 41.438
4521 25.243
4522 -25.366
4523 11.073
4524 -51.682
4525 31.316
4526 83.949
4527 47.511
4528 -19.292
4529 -27.39
4530 51.56
4531 85.974
4532 67.755
4533 11.073
4534 -29.414
4535 75.852
4536 -11.195
4537 81.925
4538 -9.171
4539 -45.609
4540 -9.171
4541 37.389
4542 7.024
4543 67.755
4544 9.048
4545 -9.171
4546 21.195
4547 2.975
4548 -11.195
4549 -1.073
4550 -13.219
4551 33.341
4552 104.193
4553 25.243
4554 -110.388
4555 13.097
4556 81.925
4557 -77.999
4558 -49.658
4559 55.609
4560 11.073
4561 -3.098
4562 -71.926
4563 209.459
4564 -7.146
4565 39.414
4566 25.243
4567 87.998
4568 83.949
4569 -21.317
4570 104.193
4571 -94.193
4572 69.779
4573 102.169
4574 -3.098
4575 75.852
4576 39.414
4577 71.803
4578 -77.999
4579 130.509
4580 -21.317
4581 -7.146
4582 27.268
4583 25.243
4584 39.414
4585 69.779
4586 -73.95
4587 11.073
4588 -41.56
4589 -27.39
4590 -33.463
4591 -39.536
4592 47.511
4593 37.389
4594 17.146
4595 -23.341
4596 9.048
4597 -49.658
4598 -15.244
4599 -13.219
4600 -37.512
4601 -15.244
4602 11.073
4603 43.462
4604 -69.901
4605 -35.487
4606 -9.171
4607 90.022
4608 15.121
4609 45.487
4610 -31.439
4611 -104.315
4612 45.487
4613 75.852
4614 -31.439
4615 73.828
4616 -29.414
4617 19.17
4618 94.071
4619 25.243
4620 43.462
4621 29.292
4622 61.682
4623 -39.536
4624 29.292
4625 53.584
4626 43.462
4627 -33.463
4628 -35.487
4629 102.169
4630 94.071
4631 39.414
4632 -63.828
4633 79.901
4634 -5.122
4635 -92.169
4636 -55.731
4637 75.852
4638 63.706
4639 73.828
4640 17.146
4641 -15.244
4642 -19.292
4643 -67.877
4644 -27.39
4645 116.339
4646 5.0
4647 11.073
4648 -21.317
4649 71.803
4650 0.951
4651 81.925
4652 83.949
4653 -92.169
4654 -47.633
4655 43.462
4656 112.29
4657 55.609
4658 13.097
4659 83.949
4660 -25.366
4661 67.755
4662 -5.122
4663 -27.39
4664 -27.39
4665 -27.39
4666 -53.706
4667 45.487
4668 27.268
4669 27.268
4670 45.487
4671 -69.901
4672 31.316
4673 17.146
4674 11.073
4675 27.268
4676 85.974
4677 -27.39
4678 37.389
4679 -25.366
4680 140.631
4681 -27.39
4682 112.29
4683 13.097
4684 -59.779
4685 -63.828
4686 39.414
4687 -69.901
4688 -7.146
4689 -27.39
4690 15.121
4691 49.535
4692 -15.244
4693 -41.56
4694 -3.098
4695 -51.682
4696 35.365
4697 -15.244
4698 -65.853
4699 -11.195
4700 -41.56
4701 -80.023
4702 -71.926
4703 -17.268
4704 31.316
4705 11.073
4706 -67.877
4707 -9.171
4708 2.975
4709 73.828
4710 39.414
4711 -3.098
4712 39.414
4713 -88.12
4714 -41.56
4715 53.584
4716 -17.268
4717 21.195
4718 -65.853
4719 -35.487
4720 51.56
4721 37.389
4722 35.365
4723 110.266
4724 17.146
4725 31.316
4726 77.876
4727 -57.755
4728 -5.122
4729 -43.585
4730 11.073
4731 9.048
4732 -108.364
4733 41.438
4734 21.195
4735 5.0
4736 -106.34
4737 35.365
4738 90.022
4739 37.389
4740 21.195
4741 -59.779
4742 19.17
4743 -17.268
4744 -104.315
4745 25.243
4746 205.41
4747 21.195
4748 -27.39
4749 -25.366
4750 65.73
4751 5.0
4752 67.755
4753 130.509
4754 33.341
4755 -11.195
4756 98.12
4757 -47.633
4758 69.779
4759 39.414
4760 19.17
4761 -3.098
4762 -5.122
4763 -47.633
4764 -7.146
4765 -35.487
4766 -13.219
4767 39.414
4768 39.414
4769 -39.536
4770 79.901
4771 5.0
4772 -13.219
4773 -57.755
4774 -43.585
4775 -7.146
4776 17.146
4777 -59.779
4778 -17.268
4779 41.438
4780 164.923
4781 -25.366
4782 -39.536
4783 -47.633
4784 -31.439
4785 -49.658
4786 -80.023
4787 5.0
4788 -33.463
4789 55.609
4790 67.755
4791 71.803
4792 -15.244
4793 -19.292
4794 -96.218
4795 27.268
4796 90.022
4797 -29.414
4798 -102.291
4799 21.195
4800 39.414
4801 -108.364
4802 29.292
4803 -55.731
4804 -63.828
4805 128.485
4806 -65.853
4807 -57.755
4808 -31.439
4809 -5.122
4810 -71.926
4811 49.535
4812 -1.073
4813 -35.487
4814 77.876
4815 -25.366
4816 57.633
4817 -33.463
4818 23.219
4819 67.755
4820 2.975
4821 9.048
4822 -35.487
4823 9.048
4824 -69.901
4825 -31.439
4826 -67.877
4827 43.462
4828 -33.463
4829 130.509
4830 -1.073
4831 9.048
4832 59.657
4833 -45.609
4834 -106.34
4835 -7.146
4836 -15.244
4837 -49.658
4838 -31.439
4839 23.219
4840 77.876
4841 -19.292
4842 75.852
4843 0.951
4844 -35.487
4845 -25.366
4846 19.17
4847 -51.682
4848 -41.56
4849 -39.536
4850 49.535
4851 -3.098
4852 -27.39
4853 77.876
4854 61.682
4855 15.121
4856 -3.098
4857 15.121
4858 -9.171
4859 -37.512
4860 -13.219
4861 2.975
4862 -7.146
4863 35.365
4864 -7.146
4865 -90.145
4866 -86.096
4867 -5.122
4868 -47.633
4869 -35.487
4870 69.779
4871 -55.731
4872 -33.463
4873 -9.171
4874 -9.171
4875 -73.95
4876 41.438
4877 39.414
4878 -41.56
4879 21.195
4880 -61.804
4881 33.341
4882 27.268
4883 15.121
4884 -53.706
4885 -29.414
4886 -19.292
4887 41.438
4888 -47.633
4889 -90.145
4890 31.316
4891 43.462
4892 -104.315
4893 85.974
4894 -7.146
4895 -13.219
4896 -17.268
4897 15.121
4898 29.292
4899 -104.315
4900 81.925
4901 -45.609
4902 15.121
4903 23.219
4904 118.363
4905 31.316
4906 -47.633
4907 29.292
4908 15.121
4909 43.462
4910 -61.804
4911 65.73
4912 63.706
4913 118.363
4914 49.535
4915 -23.341
4916 51.56
4917 -138.729
4918 148.729
4919 19.17
4920 -41.56
4921 -23.341
4922 -61.804
4923 -23.341
4924 37.389
4925 -7.146
4926 -29.414
4927 15.121
4928 37.389
4929 -65.853
4930 31.316
4931 -17.268
4932 -29.414
4933 -23.341
4934 61.682
4935 35.365
4936 -49.658
4937 -9.171
4938 94.071
4939 -67.877
4940 -49.658
4941 63.706
4942 59.657
4943 19.17
4944 -27.39
4945 -122.534
4946 2.975
4947 -25.366
4948 21.195
4949 37.389
4950 -19.292
4951 -35.487
4952 -15.244
4953 13.097
4954 11.073
4955 29.292
4956 -118.486
4957 27.268
4958 31.316
4959 19.17
4960 57.633
4961 -43.585
4962 -35.487
4963 -39.536
4964 17.146
4965 17.146
4966 11.073
4967 39.414
4968 -3.098
4969 -35.487
4970 57.633
4971 -43.585
4972 55.609
4973 43.462
4974 51.56
4975 -27.39
4976 108.242
4977 39.414
4978 27.268
4979 -41.56
4980 45.487
4981 -71.926
4982 -71.926
4983 -27.39
4984 -51.682
4985 55.609
4986 45.487
4987 65.73
4988 35.365
4989 33.341
4990 63.706
4991 -19.292
4992 31.316
4993 31.316
4994 73.828
4995 75.852
4996 -80.023
4997 47.511
4998 -51.682
4999 9.048
5000 -86.096
5001 25.243
5002 -13.219
5003 65.73
5004 13.097
5005 -55.731
5006 -82.047
5007 -39.536
5008 -5.122
5009 13.097
5010 49.535
5011 31.316
5012 -13.219
5013 -25.366
5014 51.56
5015 -13.219
5016 75.852
5017 108.242
5018 -9.171
5019 25.243
5020 29.292
5021 -61.804
5022 43.462
5023 -13.219
5024 29.292
5025 -29.414
5026 23.219
5027 19.17
5028 -15.244
5029 -5.122
5030 31.316
5031 83.949
5032 -17.268
5033 -41.56
5034 35.365
5035 -55.731
5036 13.097
5037 -49.658
5038 39.414
5039 41.438
5040 27.268
5041 9.048
5042 -7.146
5043 -35.487
5044 -71.926
5045 106.217
5046 15.121
5047 -61.804
5048 -37.512
5049 -13.219
5050 55.609
5051 31.316
5052 90.022
5053 112.29
5054 85.974
5055 -1.073
5056 -3.098
5057 94.071
5058 -59.779
5059 51.56
5060 87.998
5061 57.633
5062 9.048
5063 81.925
5064 -39.536
5065 17.146
5066 -9.171
5067 -29.414
5068 17.146
5069 -106.34
5070 -21.317
5071 -5.122
5072 -7.146
5073 33.341
5074 31.316
5075 -90.145
5076 162.899
5077 -98.242
5078 23.219
5079 37.389
5080 67.755
5081 39.414
5082 57.633
5083 -5.122
5084 -15.244
5085 -86.096
5086 -15.244
5087 -9.171
5088 59.657
5089 -41.56
5090 55.609
5091 -9.171
5092 39.414
5093 -65.853
5094 -31.439
5095 17.146
5096 -51.682
5097 87.998
5098 -15.244
5099 29.292
5100 83.949
5101 0.951
5102 15.121
5103 -100.267
5104 102.169
5105 -11.195
5106 -1.073
5107 112.29
5108 -41.56
5109 -53.706
5110 -13.219
5111 19.17
5112 33.341
5113 -19.292
5114 -21.317
5115 61.682
5116 -15.244
5117 -25.366
5118 49.535
5119 90.022
5120 55.609
5121 -49.658
5122 -19.292
5123 -49.658
5124 -29.414
5125 -110.388
5126 -21.317
5127 53.584
5128 -84.072
5129 59.657
5130 -39.536
5131 -19.292
5132 -75.974
5133 35.365
5134 -55.731
5135 -5.122
5136 -7.146
5137 134.558
5138 -11.195
5139 -5.122
5140 -69.901
5141 -7.146
5142 19.17
5143 -25.366
5144 -43.585
5145 -63.828
5146 -33.463
5147 -31.439
5148 65.73
5149 55.609
5150 -41.56
5151 -82.047
5152 -33.463
5153 69.779
5154 -19.292
5155 -98.242
5156 -45.609
5157 -25.366
5158 59.657
5159 21.195
5160 -41.56
5161 9.048
5162 13.097
5163 29.292
5164 11.073
5165 -43.585
5166 -120.51
5167 -19.292
5168 -43.585
5169 -31.439
5170 -53.706
5171 69.779
5172 9.048
5173 17.146
5174 -61.804
5175 -39.536
5176 -13.219
5177 25.243
5178 45.487
5179 -1.073
5180 -23.341
5181 7.024
5182 17.146
5183 2.975
5184 63.706
5185 67.755
5186 130.509
5187 -21.317
5188 -11.195
5189 27.268
5190 112.29
5191 87.998
5192 -3.098
5193 -27.39
5194 -69.901
5195 -31.439
5196 0.951
5197 -37.512
5198 -96.218
5199 85.974
5200 73.828
5201 -41.56
5202 100.144
5203 -90.145
5204 59.657
5205 51.56
5206 -53.706
5207 -21.317
5208 -1.073
5209 25.243
5210 79.901
5211 2.975
5212 25.243
5213 -43.585
5214 61.682
5215 108.242
5216 -3.098
5217 13.097
5218 -43.585
5219 -51.682
5220 33.341
5221 -23.341
5222 -43.585
5223 98.12
5224 79.901
5225 45.487
5226 43.462
5227 -80.023
5228 -27.39
5229 2.975
5230 63.706
5231 -57.755
5232 11.073
5233 9.048
5234 15.121
5235 35.365
5236 -45.609
5237 11.073
5238 106.217
5239 0.951
5240 98.12
5241 13.097
5242 -71.926
5243 -33.463
5244 -61.804
5245 -31.439
5246 11.073
5247 27.268
5248 11.073
5249 -35.487
5250 39.414
5251 -17.268
5252 -37.512
5253 -47.633
5254 35.365
5255 9.048
5256 -1.073
5257 -9.171
5258 -21.317
5259 -35.487
5260 11.073
5261 92.047
5262 55.609
5263 25.243
5264 -102.291
5265 29.292
5266 -1.073
5267 -53.706
5268 61.682
5269 69.779
5270 -9.171
5271 -19.292
5272 -15.244
5273 -53.706
5274 5.0
5275 39.414
5276 -63.828
5277 2.975
5278 102.169
5279 29.292
5280 -3.098
5281 -59.779
5282 120.388
5283 -17.268
5284 -67.877
5285 -17.268
5286 -80.023
5287 -92.169
5288 2.975
5289 -19.292
5290 27.268
5291 -47.633
5292 33.341
5293 -73.95
5294 -5.122
5295 90.022
5296 -53.706
5297 61.682
5298 -71.926
5299 -45.609
5300 49.535
5301 27.268
5302 -15.244
5303 -80.023
5304 33.341
5305 25.243
5306 35.365
5307 87.998
5308 -45.609
5309 2.975
5310 -35.487
5311 47.511
5312 45.487
5313 71.803
5314 65.73
5315 -39.536
5316 142.656
5317 2.975
5318 -51.682
5319 -19.292
5320 104.193
5321 69.779
5322 53.584
5323 7.024
5324 81.925
5325 -21.317
5326 -77.999
5327 71.803
5328 -11.195
5329 -13.219
5330 -23.341
5331 55.609
5332 67.755
5333 -57.755
5334 -80.023
5335 0.951
5336 41.438
5337 7.024
5338 -35.487
5339 9.048
5340 -9.171
5341 -1.073
5342 49.535
5343 23.219
5344 55.609
5345 -1.073
5346 -63.828
5347 9.048
5348 -29.414
5349 -9.171
5350 43.462
5351 9.048
5352 -51.682
5353 -73.95
5354 -11.195
5355 25.243
5356 85.974
5357 15.121
5358 87.998
5359 -43.585
5360 47.511
5361 -19.292
5362 -63.828
5363 85.974
5364 -21.317
5365 -13.219
5366 59.657
5367 -71.926
5368 5.0
5369 55.609
5370 23.219
5371 -71.926
5372 -108.364
5373 51.56
5374 21.195
5375 55.609
5376 -17.268
5377 -82.047
5378 -69.901
5379 -3.098
5380 112.29
5381 -31.439
5382 -65.853
5383 55.609
5384 49.535
5385 13.097
5386 23.219
5387 2.975
5388 -29.414
5389 15.121
5390 -19.292
5391 49.535
5392 71.803
5393 21.195
5394 5.0
5395 -15.244
5396 77.876
5397 -9.171
5398 -23.341
5399 19.17
5400 77.876
5401 96.096
5402 -25.366
5403 -21.317
5404 -29.414
5405 94.071
5406 43.462
5407 21.195
5408 17.146
5409 175.045
5410 -13.219
5411 13.097
5412 -55.731
5413 96.096
5414 69.779
5415 31.316
5416 -61.804
5417 114.315
5418 15.121
5419 25.243
5420 94.071
5421 -33.463
5422 53.584
5423 63.706
5424 -90.145
5425 -7.146
5426 -13.219
5427 138.607
5428 -19.292
5429 -90.145
5430 33.341
5431 -35.487
5432 92.047
5433 -19.292
5434 45.487
5435 -3.098
5436 -41.56
5437 -35.487
5438 29.292
5439 -7.146
5440 -114.437
5441 51.56
5442 41.438
5443 45.487
5444 -41.56
5445 35.365
5446 -55.731
5447 94.071
5448 31.316
5449 67.755
5450 -25.366
5451 75.852
5452 37.389
5453 57.633
5454 -77.999
5455 87.998
5456 45.487
5457 175.045
5458 2.975
5459 -15.244
5460 -7.146
5461 -31.439
5462 47.511
5463 -49.658
5464 33.341
5465 63.706
5466 -77.999
5467 43.462
5468 -43.585
5469 -13.219
5470 69.779
5471 25.243
5472 -9.171
5473 -29.414
5474 -25.366
5475 69.779
5476 45.487
5477 -49.658
5478 7.024
5479 -45.609
5480 19.17
5481 33.341
5482 -116.461
5483 81.925
5484 -51.682
5485 -31.439
5486 -55.731
5487 -43.585
5488 -41.56
5489 -5.122
5490 7.024
5491 -39.536
5492 -92.169
5493 23.219
5494 -41.56
5495 -27.39
5496 -57.755
5497 9.048
5498 61.682
5499 98.12
5500 -75.974
5501 67.755
5502 7.024
5503 -47.633
5504 -31.439
5505 -122.534
5506 21.195
5507 -92.169
5508 31.316
5509 17.146
5510 -9.171
5511 104.193
5512 -11.195
5513 -3.098
5514 23.219
5515 9.048
5516 -31.439
5517 11.073
5518 2.975
5519 -37.512
5520 71.803
5521 19.17
5522 -3.098
5523 7.024
5524 73.828
5525 7.024
5526 73.828
5527 -25.366
5528 -13.219
5529 75.852
5530 2.975
5531 79.901
5532 -13.219
5533 -45.609
5534 35.365
5535 45.487
5536 100.144
5537 -88.12
5538 71.803
5539 -84.072
5540 -61.804
5541 31.316
5542 -86.096
5543 -33.463
5544 164.923
5545 21.195
5546 37.389
5547 41.438
5548 7.024
5549 51.56
5550 33.341
5551 -65.853
5552 29.292
5553 -15.244
5554 -3.098
5555 15.121
5556 51.56
5557 11.073
5558 -21.317
5559 -69.901
5560 17.146
5561 160.875
5562 37.389
5563 -67.877
5564 -37.512
5565 -7.146
5566 -9.171
5567 0.951
5568 -7.146
5569 53.584
5570 -5.122
5571 43.462
5572 -67.877
5573 25.243
5574 -51.682
5575 33.341
5576 -15.244
5577 -13.219
5578 69.779
5579 -21.317
5580 31.316
5581 -77.999
5582 87.998
5583 -104.315
5584 63.706
5585 47.511
5586 -9.171
5587 29.292
5588 21.195
5589 39.414
5590 61.682
5591 -11.195
5592 49.535
5593 -27.39
5594 49.535
5595 55.609
5596 2.975
5597 -49.658
5598 -35.487
5599 -55.731
5600 -59.779
5601 -23.341
5602 -9.171
5603 -25.366
5604 -51.682
5605 41.438
5606 -71.926
5607 -57.755
5608 23.219
5609 11.073
5610 31.316
5611 43.462
5612 43.462
5613 -31.439
5614 -53.706
5615 -15.244
5616 9.048
5617 2.975
5618 0.951
5619 -29.414
5620 77.876
5621 -33.463
5622 -3.098
5623 -100.267
5624 -55.731
5625 -9.171
5626 77.876
5627 -19.292
5628 31.316
5629 21.195
5630 -55.731
5631 83.949
5632 41.438
5633 -9.171
5634 85.974
5635 94.071
5636 61.682
5637 17.146
5638 57.633
5639 81.925
5640 65.73
5641 -37.512
5642 83.949
5643 19.17
5644 -94.193
5645 -63.828
5646 -31.439
5647 98.12
5648 23.219
5649 77.876
5650 -41.56
5651 -47.633
5652 94.071
5653 79.901
5654 43.462
5655 59.657
5656 49.535
5657 -9.171
5658 19.17
5659 114.315
5660 33.341
5661 35.365
5662 15.121
5663 5.0
5664 -13.219
5665 -102.291
5666 92.047
5667 -19.292
5668 77.876
5669 -35.487
5670 -55.731
5671 35.365
5672 -27.39
5673 31.316
5674 49.535
5675 -23.341
5676 11.073
5677 57.633
5678 -25.366
5679 -75.974
5680 61.682
5681 -25.366
5682 51.56
5683 45.487
5684 98.12
5685 108.242
5686 -124.559
5687 39.414
5688 55.609
5689 -9.171
5690 17.146
5691 -90.145
5692 -1.073
5693 29.292
5694 5.0
5695 23.219
5696 61.682
5697 39.414
5698 -69.901
5699 -51.682
5700 51.56
5701 13.097
5702 7.024
5703 -25.366
5704 158.85
5705 -21.317
5706 -55.731
5707 96.096
5708 -13.219
5709 35.365
5710 -67.877
5711 -15.244
5712 -57.755
5713 -39.536
5714 -3.098
5715 -17.268
5716 -25.366
5717 -11.195
5718 69.779
5719 2.975
5720 49.535
5721 -29.414
5722 -49.658
5723 104.193
5724 96.096
5725 37.389
5726 -37.512
5727 -5.122
5728 23.219
5729 21.195
5730 -3.098
5731 90.022
5732 13.097
5733 -43.585
5734 -19.292
5735 -15.244
5736 0.951
5737 -41.56
5738 -33.463
5739 43.462
5740 -43.585
5741 71.803
5742 -9.171
5743 53.584
5744 -112.413
5745 33.341
5746 9.048
5747 77.876
5748 -9.171
5749 -29.414
5750 -65.853
5751 -1.073
5752 -1.073
5753 -31.439
5754 102.169
5755 2.975
5756 -59.779
5757 7.024
5758 21.195
5759 9.048
5760 41.438
5761 106.217
5762 35.365
5763 -21.317
5764 -13.219
5765 -21.317
5766 27.268
5767 81.925
5768 -47.633
5769 15.121
5770 51.56
5771 9.048
5772 0.951
5773 -27.39
5774 -3.098
5775 -61.804
5776 -21.317
5777 0.951
5778 37.389
5779 -73.95
5780 96.096
5781 -7.146
5782 -41.56
5783 21.195
5784 -61.804
5785 47.511
5786 5.0
5787 -25.366
5788 23.219
5789 2.975
5790 -53.706
5791 -15.244
5792 -25.366
5793 29.292
5794 -67.877
5795 47.511
5796 -7.146
5797 9.048
5798 85.974
5799 2.975
5800 -1.073
5801 -31.439
5802 -88.12
5803 -57.755
5804 39.414
5805 29.292
5806 7.024
5807 -43.585
5808 92.047
5809 96.096
5810 0.951
5811 -43.585
5812 -43.585
5813 -35.487
5814 -23.341
5815 81.925
5816 61.682
5817 -19.292
5818 65.73
5819 -156.948
5820 35.365
5821 21.195
5822 7.024
5823 7.024
5824 -23.341
5825 31.316
5826 2.975
5827 75.852
5828 -67.877
5829 81.925
5830 -31.439
5831 23.219
5832 41.438
5833 -35.487
5834 112.29
5835 -31.439
5836 9.048
5837 -9.171
5838 92.047
5839 -5.122
5840 55.609
5841 55.609
5842 45.487
5843 49.535
5844 136.583
5845 5.0
5846 21.195
5847 -1.073
5848 -13.219
5849 2.975
5850 57.633
