46979.858745
32177.1709471
62282.6373468
29876.7532488
22775.4638323
38328.2878361
45829.6498958
58081.8745934
40828.741856
43079.1504739
48780.1856393
52630.88483
66033.3183767
24575.7907266
21775.2822243
61732.5374625
18474.682918
29826.7441684
38878.3877205
23725.6363598
65883.2911355
45629.6135742
48230.085755
28726.5443997
26176.0812993
29576.6987664
23075.5183147
44579.4228859
13423.7657978
28126.4354349
44529.4138055
27776.3718721
22675.4456715
44179.3502427
28476.4989977
19774.9190084
20625.0733751
42028.9597856
47279.9132274
27626.3446309
