0.688862853842750256
0.903930240371788596
0.188496191616025655
0.812577562993301639
0.999999999999999889
0.326971408001667352
0.000000000000000000
0.092378572991618613
0.621684246521112871
0.759490887495747002
0.177316541413649442
0.611716604481848947
0.570602076698906613
0.098733777169996872
0.185225640890633370
0.266174013205580429
0.787687352262231966
0.618426897800760766
0.217582738288119415
0.787831267073940134
0.836302956463154556
0.024700026085149651
0.253759425538696903
0.120262515512598644
0.938347995092118525
0.765947545714277700
0.318694801871743816
0.761536948054470142
0.595419917554092293
0.398292536994112045
0.488100971525225746
0.028534691657188083
0.803630822175817494
0.616216982599783081
0.449170769861490404
0.803962777828599040
0.814575295725099124
0.092912267937148574
0.213726937298263586
0.206798566823722302
0.755164466579126947
0.754292959790028306
0.351675513765076331
0.720242394502124794
0.740842081177343403
0.246903263997208522
0.193420906215993893
0.154335154482878378
0.700522742012973154
0.861024095759030050
0.361266473742864247
0.685860405608158530
0.780270626377307597
0.231160059030120574
0.134319437619515036
0.108831743992827745
0.747461183374077298
0.808676782497607327
0.264312133735361721
0.532496280902889918
0.618449515460736232
0.022182246689106844
0.166893116762027505
0.209222639193138993
0.726764561354437344
0.739454032936056493
0.214354564379535317
0.638105055021837009
0.954443258176303377
0.361916912537066260
0.274069077734642952
0.078001813862399905
0.711377274927966763
0.999999999999999889
0.448329692809182612
0.681118914959652821
0.804105775275055334
0.167041530147662320
0.150896308822667247
0.103870577755289073
0.731701215842744168
0.861573284731612654
0.261373844656767773
0.759469768924627475
0.856026379715264962
0.111195856600020460
0.318876640499063835
0.000000000000000000
0.754489275680375382
0.786624324815934139
0.205023248039142403
0.796529359164918516
0.829051725260037453
0.044291055934923385
0.158313132575528759
0.191064170104890296
0.873155128216295151
0.744076028554006008
0.356522227619095189
0.899250725831493236
0.734673660831421382
0.132538242124099481
0.103338265551141728
0.031250179083360641
0.897628473932532311
0.994202262425095240
0.058059175065285185
0.805597397682645378
0.783314808563953413
0.103138325791845620
0.134119591291749995
0.133128819251137620
0.770537562154703481
0.657572451025609017
0.280494597151592751
0.729572133504177822
0.708963949464520349
0.112095783650745129
0.216144177479197896
0.070055712700835993
0.809752755251568979
0.713331633942786203
0.275711008117068779
0.755283304039717329
0.868166016513648442
0.030255696018226086
0.275398809397396693
0.235644200256691444
0.852690159604010622
0.871877343338937294
0.368268043838180792
0.828375846042857189
0.749700499645179708
0.177559639799952984
0.267031100766687568
0.119854576882529595
0.753691554124247709
0.783994903526334386
0.361525138700887261
0.761147581032169507
0.823140306117206011
0.064983010693213439
0.076345896999280904
0.217208961150955754
0.937177103091442532
0.568743602081123734
0.317664643964763183
0.777489428510240721
0.983436243100432650
0.177213571154621274
0.253132679268859906
0.221042459364791555
0.808762821066778104
0.772156936240805170
0.236063923813334076
0.751490238869080285
0.964884396924558740
0.261892992306260453
0.046403788820173542
0.140243867495929653
