979.9134575932003
751.8720509773997
747.8713245455433
559.8371822483041
541.8339133049515
479.82265361118095
481.8230168271091
407.80957783777023
453.81793180411603
301.7903273935821
329.79541241657523
299.78996417765404
273.78524237058906
325.794685984719
313.79250668915057
235.77834126795557
305.79105382543827
295.7892377457979
281.78669523430136
261.78306307502055
261.78306307502055
241.7794309157398
223.7761619723871
203.77252981310633
221.77579875645904
255.78197342723632
155.76381263083246
199.77180338125015
149.76272298304823
209.77361946089056
183.76889765382555
239.77906769981175
229.77725162017134
225.77652518831516
157.76417584676054
121.75763796005516
129.75909082376745
175.76744479011325
197.77144016532208
119.75727474412707
