1 -21.507
2 -5.312
3 27.077
4 18.98
5 18.98
6 43.272
7 18.98
8 -29.604
9 -19.483
10 -21.507
11 -31.629
12 39.223
13 -19.483
14 8.858
15 -1.264
16 -11.385
17 -29.604
18 -11.385
19 -19.483
20 -3.288
21 21.004
22 8.858
23 -7.337
24 -23.531
25 37.199
26 18.98
27 37.199
28 0.761
29 -3.288
30 4.81
31 29.102
32 4.81
33 0.761
34 10.883
35 -35.677
36 -5.312
37 16.956
38 -7.337
39 35.175
40 -13.41
41 18.98
42 18.98
43 -9.361
44 67.564
45 -57.945
46 27.077
47 -45.799
48 25.053
49 27.077
50 -7.337
51 -19.483
52 -33.653
53 14.931
54 -5.312
55 -9.361
56 33.15
57 -9.361
58 0.761
59 12.907
60 47.321
61 43.272
62 -13.41
63 -15.434
64 18.98
65 8.858
66 -15.434
67 0.761
68 4.81
69 0.761
70 10.883
71 0.761
72 18.98
73 25.053
74 23.029
75 14.931
76 -1.264
77 18.98
78 -9.361
79 -17.458
80 -47.824
81 37.199
82 14.931
83 -15.434
84 29.102
85 -21.507
86 27.077
87 23.029
88 14.931
89 -25.556
90 0.761
91 -23.531
92 4.81
93 18.98
94 -1.264
95 33.15
96 8.858
97 -23.531
98 -23.531
99 6.834
100 8.858
101 -7.337
102 4.81
103 31.126
104 27.077
105 -23.531
106 51.37
107 23.029
108 -9.361
109 -19.483
110 45.297
111 -23.531
112 -78.189
113 6.834
114 63.516
115 10.883
116 -1.264
117 6.834
118 31.126
119 -27.58
120 33.15
121 25.053
122 -17.458
123 -21.507
124 43.272
125 0.761
126 12.907
127 -9.361
128 2.785
129 2.785
130 12.907
131 -5.312
132 27.077
133 25.053
134 0.761
135 27.077
136 10.883
137 31.126
138 -15.434
139 6.834
140 -37.702
141 23.029
142 -1.264
143 18.98
144 33.15
145 -5.312
146 -7.337
147 -15.434
148 16.956
149 -15.434
150 -31.629
151 33.15
152 45.297
153 -1.264
154 2.785
155 71.613
156 10.883
157 8.858
158 31.126
159 18.98
160 18.98
161 -9.361
162 23.029
163 55.418
164 63.516
165 -7.337
166 -17.458
167 14.931
168 -21.507
169 23.029
170 35.175
171 16.956
172 -5.312
173 -11.385
174 18.98
175 4.81
176 4.81
177 -1.264
178 -13.41
179 16.956
180 39.223
181 -7.337
182 29.102
183 -17.458
184 -1.264
185 -11.385
186 -15.434
187 43.272
188 33.15
189 43.272
190 -17.458
191 -19.483
192 -70.091
193 -23.531
194 4.81
195 14.931
196 39.223
197 31.126
198 -37.702
199 -35.677
200 25.053
201 -5.312
202 4.81
203 -27.58
204 -7.337
205 -17.458
206 16.956
207 4.81
208 -5.312
209 -13.41
210 45.297
211 23.029
212 -9.361
213 -7.337
214 -1.264
215 61.491
216 25.053
217 53.394
218 -25.556
219 -37.702
220 -1.264
221 -11.385
222 2.785
223 -21.507
224 -3.288
225 -7.337
226 8.858
227 -17.458
228 41.248
229 -21.507
230 -43.775
231 -5.312
232 2.785
233 12.907
234 16.956
235 -21.507
236 16.956
237 -5.312
238 23.029
239 12.907
240 18.98
241 -17.458
242 16.956
243 -37.702
244 -37.702
245 -19.483
246 10.883
247 -3.288
248 -41.751
249 16.956
250 -25.556
251 2.785
252 -15.434
253 51.37
254 -37.702
255 18.98
256 -9.361
257 -11.385
258 10.883
259 29.102
260 -5.312
261 25.053
262 16.956
263 -21.507
264 -39.726
265 4.81
266 33.15
267 0.761
268 -11.385
269 47.321
270 -17.458
271 -1.264
272 8.858
273 8.858
274 16.956
275 -1.264
276 -53.897
277 -11.385
278 21.004
279 -23.531
280 14.931
281 61.491
282 16.956
283 77.686
284 -9.361
285 6.834
286 8.858
287 -5.312
288 -27.58
289 -11.385
290 25.053
291 12.907
292 51.37
293 10.883
294 21.004
295 -3.288
296 16.956
297 21.004
298 -7.337
299 -19.483
300 25.053
301 -9.361
302 -47.824
303 -21.507
304 -1.264
305 12.907
306 10.883
307 51.37
308 -27.58
309 14.931
310 23.029
311 37.199
312 0.761
313 -7.337
314 -47.824
315 49.345
316 33.15
317 25.053
318 12.907
319 12.907
320 0.761
321 27.077
322 -31.629
323 -37.702
324 65.54
325 -9.361
326 27.077
327 -23.531
328 0.761
329 -43.775
330 35.175
331 -3.288
332 -29.604
333 31.126
334 16.956
335 10.883
336 0.761
337 6.834
338 -17.458
339 16.956
340 21.004
341 2.785
342 -15.434
343 -27.58
344 23.029
345 21.004
346 -23.531
347 55.418
348 2.785
349 57.443
350 35.175
351 -19.483
352 45.297
353 8.858
354 10.883
355 27.077
356 57.443
357 43.272
358 0.761
359 16.956
360 -39.726
361 18.98
362 -47.824
363 -17.458
364 35.175
365 -15.434
366 -7.337
367 -33.653
368 -11.385
369 -45.799
370 -3.288
371 18.98
372 -9.361
373 8.858
374 55.418
375 14.931
376 37.199
377 2.785
378 35.175
379 -19.483
380 25.053
381 35.175
382 -5.312
383 0.761
384 -61.994
385 12.907
386 23.029
387 -21.507
388 -31.629
389 2.785
390 -3.288
391 -13.41
392 -19.483
393 18.98
394 43.272
395 31.126
396 -13.41
397 -1.264
398 -9.361
399 37.199
400 8.858
401 -1.264
402 -29.604
403 -37.702
404 -7.337
405 31.126
406 -29.604
407 -17.458
408 18.98
409 -17.458
410 -27.58
411 18.98
412 12.907
413 16.956
414 99.954
415 43.272
416 6.834
417 0.761
418 12.907
419 35.175
420 8.858
421 16.956
422 10.883
423 16.956
424 37.199
425 31.126
426 14.931
427 -3.288
428 0.761
429 -33.653
430 -23.531
431 8.858
432 -15.434
433 29.102
434 -15.434
435 43.272
436 51.37
437 45.297
438 29.102
439 18.98
440 -25.556
441 29.102
442 21.004
443 8.858
444 -3.288
445 8.858
446 57.443
447 47.321
448 -15.434
449 -33.653
450 59.467
451 16.956
452 61.491
453 2.785
454 12.907
455 4.81
456 2.785
457 2.785
458 -11.385
459 -3.288
460 61.491
461 -7.337
462 49.345
463 -17.458
464 -51.872
465 23.029
466 -19.483
467 -27.58
468 -1.264
469 -1.264
470 16.956
471 -57.945
472 -1.264
473 6.834
474 23.029
475 23.029
476 -5.312
477 -23.531
478 -23.531
479 16.956
480 18.98
481 -7.337
482 16.956
483 8.858
484 25.053
485 -9.361
486 55.418
487 39.223
488 33.15
489 81.735
490 0.761
491 -3.288
492 -25.556
493 39.223
494 31.126
495 -21.507
496 31.126
497 21.004
498 4.81
499 -7.337
500 2.785
501 -21.507
502 8.858
503 -9.361
504 4.81
505 16.956
506 49.345
507 0.761
508 -15.434
509 39.223
510 -11.385
511 53.394
512 -43.775
513 -35.677
514 18.98
515 21.004
516 18.98
517 0.761
518 14.931
519 16.956
520 25.053
521 14.931
522 -37.702
523 -27.58
524 25.053
525 -11.385
526 -3.288
527 6.834
528 -11.385
529 10.883
530 -1.264
531 -11.385
532 -5.312
533 -41.751
534 14.931
535 37.199
536 39.223
537 16.956
538 -19.483
539 -47.824
540 25.053
541 8.858
542 -11.385
543 -17.458
544 12.907
545 29.102
546 12.907
547 -15.434
548 -29.604
549 -19.483
550 33.15
551 45.297
552 31.126
553 27.077
554 -11.385
555 -13.41
556 0.761
557 27.077
558 -17.458
559 -1.264
560 27.077
561 -1.264
562 -1.264
563 27.077
564 6.834
565 35.175
566 -29.604
567 18.98
568 10.883
569 -31.629
570 10.883
571 -19.483
572 14.931
573 -9.361
574 37.199
575 -1.264
576 35.175
577 6.834
578 33.15
579 10.883
580 21.004
581 18.98
582 -19.483
583 -35.677
584 -13.41
585 -35.677
586 -21.507
587 16.956
588 -27.58
589 0.761
590 8.858
591 31.126
592 25.053
593 -5.312
594 29.102
595 0.761
596 6.834
597 55.418
598 16.956
599 -7.337
600 -1.264
601 21.004
602 -11.385
603 -15.434
604 2.785
605 -19.483
606 65.54
607 -37.702
608 -11.385
609 -3.288
610 -41.751
611 8.858
612 0.761
613 6.834
614 -15.434
615 0.761
616 -33.653
617 14.931
618 -21.507
619 14.931
620 16.956
621 -5.312
622 18.98
623 27.077
624 41.248
625 -21.507
626 -17.458
627 16.956
628 10.883
629 -3.288
630 -5.312
631 -3.288
632 -11.385
633 -1.264
634 18.98
635 0.761
636 -35.677
637 10.883
638 0.761
639 23.029
640 8.858
641 -23.531
642 16.956
643 43.272
644 -37.702
645 -47.824
646 41.248
647 -37.702
648 33.15
649 -7.337
650 -25.556
651 -9.361
652 4.81
653 -9.361
654 12.907
655 21.004
656 10.883
657 12.907
658 -49.848
659 65.54
660 -21.507
661 -41.751
662 12.907
663 10.883
664 39.223
665 -39.726
666 -41.751
667 2.785
668 10.883
669 16.956
670 -3.288
671 27.077
672 -33.653
673 16.956
674 -1.264
675 -37.702
676 -35.677
677 43.272
678 -27.58
679 -7.337
680 2.785
681 -29.604
682 -27.58
683 -21.507
684 -3.288
685 27.077
686 6.834
687 -17.458
688 14.931
689 23.029
690 12.907
691 18.98
692 0.761
693 -43.775
694 18.98
695 -13.41
696 -39.726
697 -21.507
698 -37.702
699 2.785
700 -19.483
701 -1.264
702 14.931
703 14.931
704 -9.361
705 -35.677
706 18.98
707 -35.677
708 33.15
709 -17.458
710 23.029
711 -9.361
712 -13.41
713 -25.556
714 10.883
715 39.223
716 33.15
717 -13.41
718 -29.604
719 8.858
720 16.956
721 27.077
722 6.834
723 45.297
724 33.15
725 -31.629
726 12.907
727 23.029
728 -11.385
729 27.077
730 -23.531
731 -5.312
732 -33.653
733 45.297
734 27.077
735 41.248
736 16.956
737 2.785
738 -64.018
739 12.907
740 39.223
741 -1.264
742 -7.337
743 10.883
744 -13.41
745 4.81
746 43.272
747 35.175
748 14.931
749 8.858
750 14.931
751 -5.312
752 10.883
753 45.297
754 8.858
755 12.907
756 6.834
757 14.931
758 -31.629
759 14.931
760 -29.604
761 39.223
762 -37.702
763 -43.775
764 -27.58
765 -45.799
766 6.834
767 -5.312
768 0.761
769 -17.458
770 2.785
771 35.175
772 -25.556
773 23.029
774 25.053
775 -1.264
776 -43.775
777 21.004
778 53.394
779 -7.337
780 4.81
781 14.931
782 10.883
783 2.785
784 21.004
785 12.907
786 -11.385
787 29.102
788 4.81
789 12.907
790 -23.531
791 -25.556
792 12.907
793 4.81
794 2.785
795 10.883
796 2.785
797 8.858
798 -33.653
799 -19.483
800 0.761
801 -9.361
802 27.077
803 10.883
804 8.858
805 -5.312
806 18.98
807 16.956
808 -23.531
809 39.223
810 27.077
811 18.98
812 -15.434
813 -35.677
814 6.834
815 8.858
816 53.394
817 8.858
818 12.907
819 45.297
820 95.905
821 203.196
822 -35.677
823 65.54
824 91.857
825 79.711
826 124.246
827 0.761
828 21.004
829 205.22
830 537.214
831 122.222
832 144.49
833 -23.531
834 112.1
835 195.099
836 120.198
837 221.415
838 21.004
839 53.394
840 -7.337
841 79.711
842 37.199
843 8.858
844 -25.556
845 47.321
846 55.418
847 -25.556
848 35.175
849 -9.361
850 -5.312
851 292.267
852 -17.458
853 14.931
854 12.907
855 152.587
856 -15.434
857 16.956
858 101.978
859 -13.41
860 10.883
861 249.756
862 239.634
863 767.99
864 278.097
865 152.587
866 69.589
867 122.222
868 350.974
869 387.412
870 53.394
871 67.564
872 83.759
873 539.238
874 278.097
875 -5.312
876 140.441
877 67.564
878 154.611
879 51.37
880 12.907
881 77.686
882 59.467
883 16.956
884 89.832
885 -7.337
886 -39.726
887 124.246
888 45.297
889 -17.458
890 16.956
891 16.956
892 27.077
893 -23.531
894 23.029
895 -51.872
896 421.826
897 39.223
898 0.761
899 35.175
900 61.491
901 31.126
902 -19.483
903 41.248
904 106.027
905 -17.458
906 18.98
907 35.175
908 118.173
909 2.785
910 142.465
911 -31.629
912 -9.361
913 51.37
914 12.907
915 49.345
916 -23.531
917 61.491
918 23.029
919 47.321
920 -5.312
921 -21.507
922 0.761
923 16.956
924 2.785
925 -1.264
926 -11.385
927 12.907
928 189.025
929 -39.726
930 35.175
931 0.761
932 12.907
933 -17.458
934 53.394
935 -27.58
936 71.613
937 389.436
938 47.321
939 35.175
940 45.297
941 146.514
942 55.418
943 10.883
944 0.761
945 10.883
946 87.808
947 -1.264
948 63.516
949 21.004
950 89.832
951 10.883
952 -1.264
953 45.297
954 -25.556
955 -5.312
956 37.199
957 21.004
958 -39.726
959 -31.629
960 -51.872
961 -9.361
962 18.98
963 6.834
964 10.883
965 73.637
966 53.394
967 25.053
968 39.223
969 -11.385
970 35.175
971 -1.264
972 27.077
973 -31.629
974 -3.288
975 57.443
976 124.246
977 35.175
978 6.834
979 -19.483
980 -19.483
981 53.394
982 37.199
983 4.81
984 -23.531
985 221.415
986 97.93
987 45.297
988 -17.458
989 35.175
990 18.98
991 -1.264
992 16.956
993 -1.264
994 75.662
995 -72.116
996 45.297
997 53.394
998 49.345
999 -15.434
1000 18.98
1001 10.883
1002 69.589
1003 25.053
1004 10.883
1005 35.175
1006 2.785
1007 23.029
1008 10.883
1009 221.415
1010 51.37
1011 14.931
1012 -7.337
1013 -3.288
1014 27.077
1015 -1.264
1016 4.81
1017 10.883
1018 14.931
1019 14.931
1020 2.785
1021 122.222
1022 -23.531
1023 193.074
1024 -21.507
1025 -23.531
1026 130.319
1027 -19.483
1028 8.858
1029 61.491
1030 -13.41
1031 75.662
1032 -1.264
1033 -27.58
1034 205.22
1035 27.077
1036 134.368
1037 21.004
1038 130.319
1039 81.735
1040 -13.41
1041 -31.629
1042 -74.14
1043 51.37
1044 6.834
1045 18.98
1046 10.883
1047 45.297
1048 4.81
1049 25.053
1050 33.15
1051 25.053
1052 45.297
1053 25.053
1054 41.248
1055 110.076
1056 51.37
1057 213.318
1058 -5.312
1059 -1.264
1060 304.413
1061 108.051
1062 21.004
1063 39.223
1064 -3.288
1065 -25.556
1066 -21.507
1067 73.637
1068 35.175
1069 128.295
1070 -7.337
1071 71.613
1072 -23.531
1073 182.952
1074 23.029
1075 69.589
1076 39.223
1077 63.516
1078 265.951
1079 1016.985
1080 63.516
1081 278.097
1082 581.75
1083 148.538
1084 205.22
1085 27.077
1086 41.248
1087 336.803
1088 130.319
1089 12.907
1090 61.491
1091 23.029
1092 51.37
1093 255.829
1094 37.199
1095 719.405
1096 375.266
1097 65.54
1098 27.077
1099 116.149
1100 69.589
1101 47.321
1102 43.272
1103 -17.458
1104 -3.288
1105 199.147
1106 4.81
1107 -3.288
1108 14.931
1109 -59.97
1110 45.297
1111 462.313
1112 35.175
1113 -13.41
1114 -19.483
1115 -3.288
1116 35.175
1117 45.297
1118 -7.337
1119 37.199
1120 -9.361
1121 6.834
1122 43.272
1123 10.883
1124 29.102
1125 -9.361
1126 33.15
1127 23.029
1128 -29.604
1129 -21.507
1130 -19.483
1131 41.248
1132 -49.848
1133 -35.677
1134 14.931
1135 25.053
1136 4.81
1137 10.883
1138 8.858
1139 12.907
1140 35.175
1141 -7.337
1142 73.637
1143 8.858
1144 16.956
1145 18.98
1146 -31.629
1147 43.272
1148 -15.434
1149 18.98
1150 8.858
1151 4.81
1152 31.126
1153 -33.653
1154 29.102
1155 33.15
1156 -25.556
1157 -21.507
1158 -9.361
1159 6.834
1160 -31.629
1161 6.834
1162 -11.385
1163 6.834
1164 -3.288
1165 25.053
1166 -19.483
1167 -25.556
1168 -5.312
1169 4.81
1170 4.81
1171 -13.41
1172 25.053
1173 -11.385
1174 16.956
1175 6.834
1176 -5.312
1177 23.029
1178 0.761
1179 25.053
1180 -13.41
1181 31.126
1182 -17.458
1183 -3.288
1184 14.931
1185 79.711
1186 4.81
1187 -9.361
1188 43.272
1189 0.761
1190 8.858
1191 27.077
1192 -13.41
1193 -35.677
1194 8.858
1195 -9.361
1196 -41.751
1197 49.345
1198 29.102
1199 12.907
1200 0.761
1201 10.883
1202 -15.434
1203 31.126
1204 25.053
1205 49.345
1206 -3.288
