1 1
2 3
3 1
4 1
5 1
6 1
7 1
8 1
9 7
10 1
11 1
12 1
13 1
14 1
15 1
16 2
17 1
18 1
19 1
20 1
21 1
22 1
23 1
24 1
25 8
26 1
27 1
28 1
29 1
30 1
31 1
32 1
33 1
34 1
35 1
36 3
37 1
38 4
39 3
40 2
41 3
42 1
43 3
44 1
45 1
46 1
47 3
48 1
49 1
50 1
51 1
52 1
53 2
54 1
55 1
56 1
57 1
58 1
59 1
60 2
61 1
62 4
63 1
64 1
65 1
66 1
67 2
68 1
69 2
70 1
71 1
72 1
73 1
74 1
75 1
76 1
77 1
78 1
79 1
80 1
81 1
82 1
83 2
84 1
85 1
86 1
87 1
88 1
89 1
90 1
91 14
92 1
93 1
94 2
95 1
96 1
97 1
98 1
99 1
100 1
101 1
102 1
103 1
104 1
105 1
106 1
107 1
108 8
109 1
110 4
111 1
112 1
113 2
114 1
115 1
116 2
117 6
118 4
119 1
120 3
121 1
122 6
123 2
124 9
125 5
126 2
127 1
128 6
129 6
130 9
131 1
132 5
133 5
134 3
135 3
136 4
137 3
138 1
139 1
140 4
141 1
142 1
143 5
144 1
145 6
146 4
147 4
148 4
149 3
150 2
151 5
152 1
153 3
154 1
155 9
156 13
157 2
158 3
159 1
160 1
161 1
162 1
163 2
164 2
165 2
166 2
167 8
168 7
169 2
170 36
171 5
172 1
173 8
174 1
175 1
176 1
177 5
178 4
179 1
180 1
181 3
182 1
183 1
184 4
185 2
186 1
187 1
188 3
189 2
190 2
191 8
192 2
193 1
194 9
195 17
196 1
197 5
198 1
199 2
200 1
201 2
202 1
203 2
204 1
205 1
206 3
207 1
208 1
209 1
210 1
211 1
212 1
213 1
214 2
215 1
216 9
217 1
218 1
219 1
220 1
221 2
222 1
223 1
224 2
225 1
226 6
227 4
228 2
229 4
230 11
231 1
232 2
233 2
234 1
235 1
236 2
237 1
238 3
239 1
240 2
241 8
242 2
243 5
244 4
245 1
246 2
247 1
248 1
249 3
250 6
251 2
252 13
253 12
254 3
255 10
256 4
257 5
258 9
259 1
260 2
261 15
262 1
263 7
264 1
265 1
266 2
267 1
268 2
269 2
270 1
271 1
272 1
273 1
274 1
275 1
276 1
277 1
278 1
279 12
280 7
281 1
282 3
283 35
284 4
285 1
286 1
287 1
288 4
289 1
290 2
291 9
292 3
293 3
294 3
295 6
296 4
297 3
298 1
299 6
300 1
301 15
302 4
303 4
304 1
305 1
306 1
307 2
308 3
309 1
310 1
311 1
312 1
313 1
314 1
315 3
316 3
317 15
318 1
319 2
320 1
321 2
322 1
323 2
324 1
325 1
326 1
327 3
328 3
329 1
330 1
331 1
332 3
333 10
334 5
335 2
336 4
337 4
338 1
339 1
340 1
341 1
342 2
343 1
344 5
345 1
346 1
347 1
348 1
349 1
350 1
351 7
352 1
353 1
354 1
355 1
356 1
357 1
358 7
359 1
360 1
361 4
362 2
363 2
364 3
365 13
366 2
367 1
368 1
369 3
370 1
371 3
372 1
373 1
374 1
375 5
376 19
377 3
378 8
379 7
380 1
381 7
382 9
383 13
384 5
385 1
386 2
387 1
388 1
389 1
390 2
391 3
392 6
393 3
394 1
395 6
396 9
397 3
398 2
399 1
400 1
401 2
402 1
403 2
404 2
405 3
406 1
407 4
408 3
409 4
410 1
411 1
412 6
413 1
414 1
415 1
416 1
417 2
418 12
419 2
420 4
421 4
422 1
423 4
424 1
425 2
426 1
427 1
428 1
429 1
430 1
431 1
432 1
433 1
434 2
435 1
436 3
437 1
438 3
439 1
440 3
441 4
442 2
443 3
444 1
445 2
446 1
447 2
448 2
449 1
450 1
451 2
452 4
453 2
454 4
455 1
456 5
457 4
458 1
459 1
460 1
461 15
462 2
463 3
464 5
465 1
466 1
467 1
468 1
469 1
470 1
471 1
472 1
473 6
474 2
475 1
476 1
477 1
478 1
479 4
480 10
481 3
482 7
483 11
484 1
485 1
486 1
487 2
488 1
489 1
490 2
491 2
492 1
493 3
494 1
495 2
496 2
497 1
498 1
499 6
500 1
501 1
502 4
503 2
504 1
505 5
506 4
507 5
508 1
509 3
510 5
511 3
512 3
513 1
514 2
515 8
516 1
517 2
518 1
519 2
520 1
521 30
522 1
523 1
524 1
525 2
526 1
527 1
528 1
529 8
530 3
531 2
532 2
533 2
534 2
535 2
536 3
537 2
538 2
539 1
540 3
541 1
542 1
543 3
544 2
545 1
546 1
547 1
548 3
549 1
550 2
551 2
552 2
553 4
554 1
555 1
556 2
557 1
558 1
559 4
560 1
561 1
562 1
563 3
564 2
565 1
566 1
567 1
568 3
569 1
570 5
571 1
572 2
573 2
574 10
575 3
576 1
577 7
578 5
579 1
580 4
581 1
582 1
583 2
584 5
585 2
586 1
587 3
588 1
589 4
590 1
591 1
592 1
593 4
594 2
595 1
596 3
597 1
598 1
599 2
600 1
601 1
602 1
603 9
604 1
605 3
606 2
607 3
608 4
609 1
610 2
611 1
612 9
613 1
614 1
615 3
616 1
617 5
618 4
619 1
620 7
621 2
622 13
623 11
624 5
625 2
626 2
627 3
628 1
629 1
630 1
631 3
632 2
633 2
634 1
635 13
636 5
637 7
638 1
639 1
640 1
641 2
642 10
643 5
644 2
645 3
646 3
647 1
648 4
649 1
650 2
651 2
652 1
653 3
654 1
655 1
656 1
657 2
658 1
659 1
660 1
661 1
662 4
663 7
664 16
665 2
666 1
667 3
668 6
669 1
670 1
671 2
672 1
673 1
674 1
675 15
676 1
677 6
678 2
679 6
680 1
681 1
682 1
683 1
684 1
685 2
686 1
687 1
688 2
689 4
690 1
691 1
692 1
693 1
694 3
695 1
696 2
697 2
698 2
699 1
700 1
701 1
702 1
703 1
704 1
705 1
706 4
707 4
708 1
709 1
710 2
711 2
712 1
713 1
714 5
715 1
716 8
717 1
718 7
719 1
720 13
721 5
722 2
723 1
724 1
725 1
726 1
727 2
728 1
729 1
730 2
731 1
732 2
733 1
734 4
735 1
736 1
737 2
738 2
739 1
740 3
741 1
742 3
743 2
744 1
745 1
746 5
747 1
748 1
749 1
750 3
751 1
752 1
753 2
754 2
755 1
756 2
757 1
758 4
759 1
760 1
761 2
762 3
763 1
764 2
765 1
766 1
767 1
768 2
769 2
770 1
771 2
772 1
773 1
774 1
775 18
776 1
777 1
778 5
779 1
780 1
781 3
782 1
783 3
784 1
785 1
786 1
787 1
788 1
789 1
790 1
791 1
792 1
793 1
794 1
795 2
796 1
797 1
798 1
799 1
800 1
801 2
802 2
803 2
804 2
805 2
806 2
807 2
808 3
809 1
810 2
811 1
812 2
813 1
814 1
815 1
816 53
817 8
818 21
819 53
820 61
821 211
822 5
823 36
824 105
825 96
826 93
827 31
828 8
829 225
830 527
831 112
832 164
833 20
834 157
835 150
836 141
837 205
838 8
839 37
840 48
841 59
842 25
843 10
844 11
845 50
846 6
847 2
848 4
849 3
850 1
851 338
852 3
853 1
854 6
855 152
856 26
857 1
858 71
859 21
860 18
861 288
862 244
863 806
864 306
865 145
866 134
867 121
868 351
869 430
870 50
871 53
872 54
873 545
874 238
875 3
876 115
877 88
878 154
879 47
880 54
881 41
882 68
883 9
884 70
885 11
886 2
887 106
888 1
889 4
890 2
891 8
892 5
893 2
894 5
895 1
896 404
897 23
898 11
899 28
900 33
901 15
902 10
903 18
904 91
905 10
906 15
907 37
908 130
909 4
910 122
911 4
912 4
913 40
914 1
915 2
916 2
917 29
918 14
919 18
920 3
921 7
922 31
923 1
924 9
925 1
926 1
927 9
928 214
929 7
930 20
931 8
932 8
933 9
934 63
935 4
936 11
937 358
938 47
939 22
940 83
941 130
942 83
943 36
944 12
945 16
946 70
947 9
948 13
949 10
950 79
951 11
952 2
953 39
954 1
955 7
956 1
957 7
958 1
959 1
960 6
961 26
962 7
963 1
964 4
965 77
966 43
967 23
968 23
969 6
970 7
971 5
972 5
973 1
974 2
975 50
976 116
977 3
978 9
979 2
980 4
981 5
982 6
983 1
984 6
985 175
986 47
987 32
988 1
989 14
990 1
991 7
992 6
993 21
994 58
995 9
996 36
997 88
998 9
999 8
1000 37
1001 3
1002 43
1003 13
1004 22
1005 25
1006 8
1007 5
1008 2
1009 186
1010 89
1011 6
1012 20
1013 2
1014 8
1015 2
1016 14
1017 24
1018 1
1019 4
1020 2
1021 158
1022 13
1023 205
1024 1
1025 35
1026 125
1027 21
1028 20
1029 83
1030 1
1031 72
1032 9
1033 1
1034 220
1035 4
1036 135
1037 18
1038 106
1039 69
1040 9
1041 1
1042 2
1043 23
1044 1
1045 42
1046 7
1047 24
1048 77
1049 17
1050 32
1051 19
1052 37
1053 37
1054 41
1055 33
1056 25
1057 213
1058 2
1059 2
1060 294
1061 103
1062 15
1063 9
1064 7
1065 2
1066 16
1067 89
1068 2
1069 114
1070 1
1071 46
1072 2
1073 197
1074 2
1075 45
1076 69
1077 46
1078 297
1079 1024
1080 63
1081 289
1082 582
1083 147
1084 249
1085 72
1086 28
1087 291
1088 129
1089 30
1090 92
1091 2
1092 58
1093 220
1094 30
1095 756
1096 327
1097 78
1098 16
1099 86
1100 136
1101 56
1102 5
1103 6
1104 36
1105 185
1106 1
1107 5
1108 27
1109 5
1110 15
1111 480
1112 58
1113 9
1114 1
1115 4
1116 23
1117 35
1118 25
1119 5
1120 8
1121 2
1122 48
1123 17
1124 30
1125 2
1126 26
1127 42
1128 1
1129 2
1130 5
1131 1
1132 19
1133 3
1134 10
1135 9
1136 11
1137 1
1138 4
1139 3
1140 2
1141 5
1142 4
1143 4
1144 1
1145 2
1146 9
1147 10
1148 10
1149 3
1150 3
1151 22
1152 11
1153 1
1154 5
1155 2
1156 1
1157 1
1158 1
1159 1
1160 2
1161 1
1162 1
1163 1
1164 1
1165 1
1166 2
1167 1
1168 4
1169 1
1170 1
1171 1
1172 2
1173 1
1174 2
1175 2
1176 1
1177 1
1178 2
1179 1
1180 1
1181 2
1182 3
1183 1
1184 1
1185 2
1186 2
1187 1
1188 2
1189 1
1190 3
1191 3
1192 1
1193 4
1194 5
1195 1
1196 2
1197 1
1198 3
1199 2
1200 1
1201 1
1202 2
1203 9
1204 11
1205 2
1206 2
