1 8.858
2 -3.288
3 -5.312
4 10.883
5 0.761
6 -1.264
7 -3.288
8 -19.483
9 -31.629
10 -33.653
11 -25.556
12 43.272
13 0.761
14 6.834
15 67.564
16 -9.361
17 -43.775
18 16.956
19 16.956
20 -1.264
21 -1.264
22 -15.434
23 14.931
24 -25.556
25 4.81
26 8.858
27 12.907
28 -7.337
29 -33.653
30 0.761
31 -29.604
32 39.223
33 4.81
34 -11.385
35 -23.531
36 -3.288
37 14.931
38 -49.848
39 6.834
40 -25.556
41 8.858
42 16.956
43 -57.945
44 -7.337
45 -13.41
46 -23.531
47 -15.434
48 16.956
49 6.834
50 4.81
51 55.418
52 -11.385
53 65.54
54 33.15
55 8.858
56 6.834
57 23.029
58 12.907
59 12.907
60 -19.483
61 -35.677
62 -5.312
63 4.81
64 21.004
65 -19.483
66 -11.385
67 -7.337
68 23.029
69 -27.58
70 33.15
71 27.077
72 21.004
73 39.223
74 29.102
75 -45.799
76 10.883
77 23.029
78 6.834
79 -45.799
80 -25.556
81 -11.385
82 6.834
83 12.907
84 -3.288
85 -5.312
86 33.15
87 35.175
88 -35.677
89 -11.385
90 -37.702
91 -9.361
92 -47.824
93 35.175
94 31.126
95 29.102
96 -29.604
97 2.785
98 -23.531
99 41.248
100 6.834
101 39.223
102 4.81
103 41.248
104 0.761
105 -11.385
106 -21.507
107 37.199
108 -33.653
109 -3.288
110 -9.361
111 25.053
112 -33.653
113 51.37
114 8.858
115 -5.312
116 25.053
117 8.858
118 4.81
119 -5.312
120 6.834
121 -31.629
122 16.956
123 -9.361
124 45.297
125 27.077
126 14.931
127 21.004
128 -3.288
129 -11.385
130 -3.288
131 -31.629
132 -1.264
133 -27.58
134 8.858
135 55.418
136 -11.385
137 6.834
138 -15.434
139 -7.337
140 2.785
141 55.418
142 2.785
143 21.004
144 -3.288
145 0.761
146 47.321
147 -21.507
148 -53.897
149 -31.629
150 -33.653
151 35.175
152 37.199
153 23.029
154 -21.507
155 23.029
156 43.272
157 -31.629
158 21.004
159 10.883
160 4.81
161 47.321
162 -23.531
163 -11.385
164 6.834
165 -17.458
166 -9.361
167 29.102
168 -15.434
169 0.761
170 27.077
171 -39.726
172 -25.556
173 10.883
174 -21.507
175 -23.531
176 8.858
177 23.029
178 -17.458
179 -7.337
180 27.077
181 0.761
182 37.199
183 51.37
184 6.834
185 0.761
186 -43.775
187 4.81
188 45.297
189 23.029
190 -33.653
191 31.126
192 14.931
193 12.907
194 -17.458
195 59.467
196 31.126
197 8.858
198 21.004
199 16.956
200 -51.872
201 -3.288
202 -7.337
203 8.858
204 -43.775
205 6.834
206 -19.483
207 -5.312
208 27.077
209 10.883
210 65.54
211 33.15
212 -19.483
213 14.931
214 8.858
215 12.907
216 0.761
217 -13.41
218 -35.677
219 -21.507
220 -7.337
221 12.907
222 -7.337
223 18.98
224 41.248
225 12.907
226 51.37
227 -27.58
228 51.37
229 18.98
230 -37.702
231 -5.312
232 18.98
233 -9.361
234 -19.483
235 -23.531
236 -45.799
237 -11.385
238 -23.531
239 4.81
240 -19.483
241 33.15
242 37.199
243 -19.483
244 -13.41
245 -35.677
246 -29.604
247 35.175
248 35.175
249 -23.531
250 -17.458
251 -13.41
252 -13.41
253 16.956
254 -39.726
255 41.248
256 25.053
257 10.883
258 6.834
259 16.956
260 6.834
261 -3.288
262 4.81
263 8.858
264 -25.556
265 53.394
266 -7.337
267 57.443
268 45.297
269 2.785
270 -5.312
271 47.321
272 -19.483
273 47.321
274 43.272
275 14.931
276 -7.337
277 -41.751
278 4.81
279 2.785
280 -11.385
281 16.956
282 -3.288
283 101.978
284 0.761
285 -23.531
286 -27.58
287 -27.58
288 -5.312
289 -45.799
290 23.029
291 33.15
292 2.785
293 12.907
294 12.907
295 2.785
296 55.418
297 14.931
298 0.761
299 16.956
300 8.858
301 8.858
302 -35.677
303 12.907
304 51.37
305 -15.434
306 55.418
307 31.126
308 21.004
309 8.858
310 21.004
311 -15.434
312 12.907
313 -23.531
314 -15.434
315 23.029
316 10.883
317 31.126
318 4.81
319 8.858
320 -41.751
321 -7.337
322 -17.458
323 -3.288
324 37.199
325 12.907
326 8.858
327 -7.337
328 -11.385
329 16.956
330 14.931
331 35.175
332 -23.531
333 18.98
334 4.81
335 57.443
336 23.029
337 -3.288
338 10.883
339 -17.458
340 63.516
341 18.98
342 0.761
343 -15.434
344 37.199
345 16.956
346 4.81
347 39.223
348 31.126
349 51.37
350 -17.458
351 -21.507
352 43.272
353 16.956
354 12.907
355 18.98
356 -1.264
357 47.321
358 25.053
359 6.834
360 -23.531
361 0.761
362 -9.361
363 12.907
364 6.834
365 -13.41
366 -11.385
367 -21.507
368 -21.507
369 -23.531
370 -35.677
371 14.931
372 0.761
373 4.81
374 47.321
375 33.15
376 61.491
377 -1.264
378 27.077
379 -11.385
380 6.834
381 29.102
382 -23.531
383 2.785
384 8.858
385 10.883
386 10.883
387 -59.97
388 -41.751
389 -39.726
390 8.858
391 18.98
392 -7.337
393 14.931
394 53.394
395 -19.483
396 8.858
397 49.345
398 10.883
399 -9.361
400 41.248
401 21.004
402 10.883
403 -19.483
404 16.956
405 -29.604
406 -1.264
407 18.98
408 -3.288
409 2.785
410 -41.751
411 6.834
412 -19.483
413 -19.483
414 51.37
415 -9.361
416 14.931
417 49.345
418 12.907
419 -9.361
420 29.102
421 2.785
422 -13.41
423 21.004
424 10.883
425 -27.58
426 45.297
427 4.81
428 8.858
429 -1.264
430 -53.897
431 -17.458
432 6.834
433 16.956
434 14.931
435 45.297
436 10.883
437 4.81
438 0.761
439 39.223
440 -23.531
441 47.321
442 -11.385
443 -17.458
444 -7.337
445 0.761
446 -33.653
447 -21.507
448 41.248
449 -9.361
450 21.004
451 35.175
452 14.931
453 -19.483
454 -3.288
455 37.199
456 -7.337
457 10.883
458 -9.361
459 -21.507
460 0.761
461 -5.312
462 4.81
463 -35.677
464 -47.824
465 -3.288
466 33.15
467 -7.337
468 -7.337
469 -1.264
470 21.004
471 -37.702
472 -3.288
473 -3.288
474 37.199
475 -13.41
476 -1.264
477 -5.312
478 -21.507
479 -31.629
480 16.956
481 45.297
482 25.053
483 27.077
484 -13.41
485 6.834
486 -29.604
487 33.15
488 -1.264
489 29.102
490 0.761
491 -5.312
492 -55.921
493 -11.385
494 25.053
495 18.98
496 -13.41
497 33.15
498 4.81
499 -25.556
500 43.272
501 -3.288
502 -39.726
503 -21.507
504 67.564
505 -7.337
506 -15.434
507 2.785
508 -19.483
509 45.297
510 -13.41
511 12.907
512 -7.337
513 8.858
514 -15.434
515 45.297
516 6.834
517 25.053
518 23.029
519 -5.312
520 -37.702
521 29.102
522 -5.312
523 -13.41
524 51.37
525 29.102
526 2.785
527 -1.264
528 23.029
529 -13.41
530 -3.288
531 14.931
532 -41.751
533 -51.872
534 25.053
535 33.15
536 -27.58
537 -15.434
538 31.126
539 -39.726
540 69.589
541 -3.288
542 -9.361
543 -27.58
544 6.834
545 8.858
546 8.858
547 -17.458
548 -5.312
549 4.81
550 16.956
551 35.175
552 31.126
553 -11.385
554 -27.58
555 53.394
556 49.345
557 -35.677
558 -7.337
559 -7.337
560 25.053
561 6.834
562 8.858
563 -31.629
564 16.956
565 0.761
566 -29.604
567 10.883
568 79.711
569 18.98
570 25.053
571 4.81
572 16.956
573 -68.067
574 18.98
575 37.199
576 73.637
577 8.858
578 -7.337
579 31.126
580 10.883
581 -23.531
582 0.761
583 -25.556
584 4.81
585 -11.385
586 -1.264
587 4.81
588 -43.775
589 21.004
590 -5.312
591 37.199
592 6.834
593 4.81
594 35.175
595 -5.312
596 -37.702
597 25.053
598 10.883
599 -19.483
600 21.004
601 -3.288
602 -17.458
603 16.956
604 -27.58
605 2.785
606 39.223
607 0.761
608 -23.531
609 -21.507
610 -13.41
611 4.81
612 35.175
613 -3.288
614 2.785
615 8.858
616 -5.312
617 47.321
618 -13.41
619 8.858
620 -31.629
621 27.077
622 45.297
623 -9.361
624 49.345
625 -31.629
626 -15.434
627 49.345
628 18.98
629 -27.58
630 21.004
631 -9.361
632 -17.458
633 55.418
634 37.199
635 -13.41
636 -13.41
637 -33.653
638 25.053
639 -57.945
640 14.931
641 -11.385
642 -11.385
643 47.321
644 -33.653
645 -31.629
646 8.858
647 -19.483
648 -9.361
649 -5.312
650 -11.385
651 4.81
652 18.98
653 -15.434
654 -13.41
655 0.761
656 23.029
657 31.126
658 6.834
659 39.223
660 0.761
661 14.931
662 -9.361
663 12.907
664 2.785
665 16.956
666 -17.458
667 6.834
668 -9.361
669 -7.337
670 -17.458
671 -25.556
672 -1.264
673 33.15
674 6.834
675 33.15
676 4.81
677 41.248
678 -11.385
679 10.883
680 6.834
681 -11.385
682 -5.312
683 -9.361
684 16.956
685 -5.312
686 -15.434
687 39.223
688 0.761
689 -11.385
690 49.345
691 -3.288
692 -23.531
693 -25.556
694 39.223
695 -31.629
696 -23.531
697 -35.677
698 -23.531
699 35.175
700 -33.653
701 -13.41
702 4.81
703 -25.556
704 -39.726
705 -7.337
706 39.223
707 -29.604
708 12.907
709 -17.458
710 4.81
711 0.761
712 -5.312
713 -5.312
714 21.004
715 39.223
716 8.858
717 4.81
718 18.98
719 0.761
720 8.858
721 43.272
722 -9.361
723 6.834
724 -35.677
725 -23.531
726 -5.312
727 -31.629
728 -9.361
729 39.223
730 -29.604
731 -19.483
732 2.785
733 35.175
734 61.491
735 -19.483
736 -21.507
737 12.907
738 -9.361
739 33.15
740 -9.361
741 -1.264
742 -19.483
743 63.516
744 -9.361
745 23.029
746 2.785
747 -35.677
748 10.883
749 -19.483
750 16.956
751 0.761
752 0.761
753 6.834
754 51.37
755 43.272
756 -33.653
757 18.98
758 18.98
759 23.029
760 43.272
761 -5.312
762 -45.799
763 10.883
764 0.761
765 18.98
766 51.37
767 10.883
768 33.15
769 23.029
770 -11.385
771 -27.58
772 -7.337
773 4.81
774 33.15
775 10.883
776 -7.337
777 18.98
778 31.126
779 4.81
780 8.858
781 4.81
782 12.907
783 -3.288
784 14.931
785 -15.434
786 -5.312
787 18.98
788 -7.337
789 8.858
790 10.883
791 6.834
792 -11.385
793 10.883
794 49.345
795 2.785
796 -37.702
797 16.956
798 -13.41
799 -51.872
800 -31.629
801 -17.458
802 4.81
803 -1.264
804 -23.531
805 -1.264
806 16.956
807 6.834
808 2.785
809 -19.483
810 43.272
811 35.175
812 8.858
813 -7.337
814 0.761
815 6.834
816 95.905
817 -19.483
818 18.98
819 10.883
820 104.003
821 195.099
822 -1.264
823 45.297
824 65.54
825 95.905
826 104.003
827 25.053
828 4.81
829 197.123
830 510.897
831 122.222
832 201.172
833 -9.361
834 184.977
835 178.904
836 184.977
837 201.172
838 31.126
839 31.126
840 23.029
841 63.516
842 59.467
843 -7.337
844 -47.824
845 69.589
846 21.004
847 2.785
848 47.321
849 -13.41
850 12.907
851 342.876
852 18.98
853 -21.507
854 6.834
855 213.318
856 12.907
857 29.102
858 61.491
859 41.248
860 12.907
861 318.584
862 304.413
863 808.477
864 302.389
865 124.246
866 122.222
867 87.808
868 312.511
869 415.753
870 25.053
871 95.905
872 45.297
873 527.092
874 267.975
875 -7.337
876 172.831
877 61.491
878 146.514
879 65.54
880 61.491
881 101.978
882 67.564
883 -33.653
884 91.857
885 -3.288
886 18.98
887 114.124
888 -15.434
889 -21.507
890 2.785
891 31.126
892 2.785
893 -13.41
894 0.761
895 41.248
896 403.607
897 18.98
898 31.126
899 12.907
900 53.394
901 0.761
902 -1.264
903 27.077
904 31.126
905 25.053
906 -3.288
907 18.98
908 114.124
909 12.907
910 134.368
911 35.175
912 2.785
913 51.37
914 10.883
915 4.81
916 12.907
917 61.491
918 4.81
919 16.956
920 -3.288
921 51.37
922 16.956
923 53.394
924 10.883
925 12.907
926 6.834
927 35.175
928 207.245
929 27.077
930 29.102
931 -19.483
932 -25.556
933 0.761
934 57.443
935 37.199
936 27.077
937 308.462
938 37.199
939 31.126
940 53.394
941 158.66
942 120.198
943 16.956
944 4.81
945 45.297
946 75.662
947 10.883
948 33.15
949 -13.41
950 45.297
951 -25.556
952 29.102
953 10.883
954 14.931
955 29.102
956 -29.604
957 -1.264
958 -1.264
959 -23.531
960 6.834
961 41.248
962 8.858
963 8.858
964 6.834
965 33.15
966 37.199
967 -21.507
968 69.589
969 35.175
970 -1.264
971 18.98
972 0.761
973 8.858
974 35.175
975 81.735
976 170.806
977 14.931
978 29.102
979 -17.458
980 -31.629
981 59.467
982 -33.653
983 -59.97
984 -3.288
985 156.636
986 43.272
987 6.834
988 -15.434
989 63.516
990 -57.945
991 -37.702
992 2.785
993 -17.458
994 118.173
995 29.102
996 43.272
997 41.248
998 23.029
999 4.81
1000 -43.775
1001 21.004
1002 21.004
1003 -15.434
1004 49.345
1005 8.858
1006 -45.799
1007 29.102
1008 8.858
1009 174.855
1010 89.832
1011 45.297
1012 59.467
1013 18.98
1014 65.54
1015 -23.531
1016 -31.629
1017 10.883
1018 -1.264
1019 -29.604
1020 -15.434
1021 140.441
1022 4.81
1023 229.512
1024 -3.288
1025 8.858
1026 180.928
1027 -9.361
1028 0.761
1029 75.662
1030 21.004
1031 71.613
1032 -53.897
1033 16.956
1034 257.853
1035 39.223
1036 154.611
1037 27.077
1038 132.344
1039 57.443
1040 12.907
1041 43.272
1042 -1.264
1043 37.199
1044 21.004
1045 25.053
1046 31.126
1047 25.053
1048 55.418
1049 37.199
1050 43.272
1051 12.907
1052 89.832
1053 51.37
1054 33.15
1055 37.199
1056 33.15
1057 237.61
1058 37.199
1059 6.834
1060 276.073
1061 144.49
1062 31.126
1063 -29.604
1064 43.272
1065 4.81
1066 18.98
1067 69.589
1068 -23.531
1069 91.857
1070 -39.726
1071 106.027
1072 12.907
1073 229.512
1074 14.931
1075 29.102
1076 37.199
1077 51.37
1078 320.608
1079 1037.228
1080 77.686
1081 298.34
1082 628.31
1083 144.49
1084 217.366
1085 49.345
1086 59.467
1087 272.024
1088 95.905
1089 27.077
1090 73.637
1091 10.883
1092 65.54
1093 197.123
1094 18.98
1095 774.063
1096 336.803
1097 81.735
1098 6.834
1099 132.344
1100 142.465
1101 27.077
1102 -5.312
1103 29.102
1104 57.443
1105 199.147
1106 -19.483
1107 27.077
1108 -5.312
1109 -9.361
1110 -1.264
1111 464.337
1112 51.37
1113 10.883
1114 0.761
1115 10.883
1116 14.931
1117 79.711
1118 8.858
1119 2.785
1120 -3.288
1121 29.102
1122 63.516
1123 63.516
1124 18.98
1125 -11.385
1126 43.272
1127 41.248
1128 4.81
1129 -64.018
1130 2.785
1131 16.956
1132 2.785
1133 43.272
1134 33.15
1135 8.858
1136 18.98
1137 21.004
1138 0.761
1139 4.81
1140 -7.337
1141 -25.556
1142 25.053
1143 14.931
1144 -11.385
1145 0.761
1146 21.004
1147 -19.483
1148 14.931
1149 41.248
1150 -9.361
1151 0.761
1152 33.15
1153 -15.434
1154 2.785
1155 -15.434
1156 35.175
1157 18.98
1158 0.761
1159 43.272
1160 18.98
1161 -33.653
1162 8.858
1163 12.907
1164 -31.629
1165 16.956
1166 -5.312
1167 -23.531
1168 10.883
1169 -27.58
1170 -3.288
1171 -19.483
1172 39.223
1173 -23.531
1174 -15.434
1175 16.956
1176 16.956
1177 -3.288
1178 -23.531
1179 -1.264
1180 -11.385
1181 2.785
1182 -13.41
1183 -19.483
1184 4.81
1185 -23.531
1186 -7.337
1187 25.053
1188 10.883
1189 -39.726
1190 16.956
1191 -27.58
1192 6.834
1193 4.81
1194 -19.483
1195 10.883
1196 -5.312
1197 29.102
1198 33.15
1199 -1.264
1200 -29.604
1201 29.102
1202 -27.58
1203 -7.337
1204 12.907
1205 16.956
1206 -1.264
