123373,686,8.8017
123793,1714,9.5379
124204,801,9.2385
124553,493,8.5639
125424,466,8.9957
125465,883,9.3703
125564,612,8.7974
126335,2241,8.9201
127081,266,8.7669
127495,460,8.2826
127865,1393,9.4429
128730,333,8.9189
128959,516,9.2946
129831,210,8.7143
130259,914,8.7593
130727,431,8.6497
131117,981,9.0336
131533,1091,9.3731
131698,370,9.1676
132135,427,9.2881
132738,1582,9.2035
133584,208,8.8173
134015,440,9.1409
134393,396,9.1818
134849,312,8.8718
135459,155,8.4258
135750,386,8.943
136110,1197,9.081
136860,708,9.2486
137585,1100,9.26
138431,488,9.2623
139086,524,9.0878
139792,129,9.6434
140321,455,8.9758
140877,160,9.0125
141300,229,8.8559
141548,249,8.4739
141688,398,9.1709
141761,285,9.0877
142179,429,9.1096
143094,398,8.7588
144051,500,9.048
144585,189,8.6667
144714,356,9.1517
144727,147,8.6803
144931,166,8.4819
145417,74,9.1081
145906,1478,8.9756
146684,498,8.9277
147020,43,8.6047
147440,94,8.8936
147594,482,8.9544
148089,434,8.9217
148690,250,9.184
149459,67,8.5075
149655,107,8.6168
149739,310,8.6581
149913,107,8.9533
150138,97,9.1546
150752,103,9.0485
151551,194,8.8557
152510,105,8.6857
152662,485,9.3237
152836,794,8.6751
152998,88,8.1818
153475,519,9.1098
154002,626,9.0703
154652,261,8.4828
154823,167,9.2335
155381,150,9.1067
155735,169,9.2426
155820,92,8.9565
156607,120,8.6833
157448,66,8.6667
158028,178,8.7303
158794,59,8.2373
159395,56,8.2857
159931,139,8.0863
160346,71,8.9014
160612,241,9.1452
161541,145,8.9793
162491,42,8.8571
162634,402,9.3433
163328,135,9.4074
164051,213,8.8451
164593,251,8.5498
165468,91,8.1538
166006,402,9.1692
166633,804,8.6642
167112,157,8.9045
168012,76,8.9737
168592,529,9.3043
168610,532,9.1015
169179,90,9.0444
169961,185,9.1459
170762,19,8.8421
171284,28,8.2143
172027,984,8.5874
172914,307,8.9577
173235,72,8.75
174086,1724,9.0139
174258,145,9.2138
174391,136,8.7647
174799,30,8.2667
175496,114,8.7719
175600,73,8.4384
176025,96,8.0833
176490,198,8.3737
177394,81,8.0988
178058,202,8.6733
178429,66,9.0909
178527,89,8.6966
178753,40,8.65
179124,65,9.2615
180014,120,9.25
180843,321,9.1464
181161,48,8.2917
181453,176,8.5568
181737,135,8.8148
182578,227,8.4229
182915,134,9.209
183194,216,8.1667
183200,117,8.6667
183945,142,8.4789
184374,300,8.7867
185182,85,8.0706
185226,85,9.0824
185800,96,9
186629,23,8
187164,86,8.907
187477,118,8.8983
187984,128,8.4531
188052,209,9.244
188485,65,9.0769
189303,23,9.1304
190238,56,8.5
190529,40,7.5
190793,59,8.9492
191243,57,8.1404
191514,36,8.5556
192258,43,8.186
193179,346,8.2832
193361,84,8.9286
194128,62,8.9355
194182,157,8.9809
194232,60,8.8333
194369,27,8
195076,151,9.0464
195124,111,8.8829
195406,13,9.0769
195613,51,9.5686
196197,10,8.4
196859,168,8.9286
197170,291,8.8247
197391,69,8.8986
198271,41,8.5366
199231,134,9.2388
199457,118,8.5424
200269,74,8.6757
200393,79,8.1772
200640,2,10
201534,11,9.2727
202172,7,6.8571
203040,1,10
203856,153,9.3595
204063,137,9.0073
204824,1,10
205656,4,9.5
206510,10,9.6
206536,48,8.8333
206849,3,9.3333
207710,23,8.7826
208647,41,9.122
209001,15,9.2
209578,26,8.7692
209668,15,8.8
210180,6,8.3333
211146,17,8.3529
211662,6,7.6667
212624,13,9.0769
213089,20,9.1
213422,5,9.2
214082,1,10
214411,9,8.2222
215329,2,9
216048,15,8.9333
216159,13,9.6923
216959,39,9.3846
217243,3,8
217822,30,8.5333
217917,1,10
218606,119,9.395
218762,13,9.2308
219061,12,9.1667
219319,6,10
220185,1,10
220435,10,9.6
221326,5,9.2
221704,31,9.4194
221823,8,9.25
222318,53,8.9434
222467,37,9.0811
222762,29,9.6552
223146,26,9.3077
224069,7,7.7143
224876,69,9.3623
225221,3,9.3333
226072,60,9.3667
226278,32,9
226529,23,9.6522
226564,25,9.28
227442,29,8.7586
227716,106,8.9623
227818,64,8.25
228171,3,9.3333
228702,56,9.3214
229056,3,9.3333
229145,51,9.2157
230083,1,10
230856,23,9.2174
230875,17,9.0588
231133,46,9.6957
231418,36,7.8333
231466,15,9.2
231716,17,9.1765
232082,42,8.619
232383,28,8.7143
232899,20,9
233468,17,9.5294
233596,85,9.6
233953,77,9.5584
234144,68,9.1765
234276,27,9.2593
234372,19,9.0526
234407,27,8.963
235073,11,8.7273
235441,28,9.2857
236205,3,8.6667
236557,41,9.3659
237481,1,10
237589,18,9.2222
237896,5,8.4
237957,5,8.8
238164,6,9.3333
238402,20,9.8
239232,9,9.1111
239986,9,9.3333
240049,7,9.1429
240137,46,8.9565
240208,74,9.0811
240372,1,6
240913,30,9.2667
241019,92,9.1304
241461,241,9.5519
241759,107,9.4579
242661,33,9.7576
242782,48,9.5
243449,24,9.5833
244379,20,9.4
244945,7,9.4286
245079,15,9.8667
245795,5,8.4
246037,13,9.5385
246463,13,9.8462
247125,59,8.9831
247349,1,10
247465,16,9.125
247543,7,9.1429
247599,19,8.8421
247960,1,6
248116,5,9.2
248794,3,9.3333
249458,6,8.6667
250315,7,7.7143
251296,9,6.8889
251937,22,8.1818
252102,27,8.5185
252891,9,9.7778
253667,67,9.1343
254238,18,9.3333
254493,167,8.7305
254960,114,9.2807
255241,11,9.4545
255476,34,9.4118
255986,92,9.3478
256646,48,9.1667
257262,33,9.3939
258206,84,9.4762
259136,51,8.7843
259934,11,10
260887,3,9.3333
261679,15,9.0667
261938,3,10
262756,10,9.2
263699,144,9.6111
263981,85,9.3412
264165,13,8.9231
264441,2,7
265428,16,8.75
265806,173,8.9595
266651,39,7.9487
267405,35,9.6
267521,3,8.6667
268000,15,8.2667
268250,10,8.2
268562,134,9.597
269172,89,9.4157
269371,44,8.8182
269950,20,9.4
270563,2,9
271412,18,9.2222
271428,10,9.4
271624,15,9.4667
272388,92,9.2391
272842,17,8.3529
273492,20,8.9
274182,7,9.1429
275088,7,8
275231,3,8.6667
276056,10,7.8
276259,15,7.0667
276603,24,8.8333
276763,87,9.3563
277251,5,9.6
277270,10,9.6
277366,10,9.8
278104,46,9.6522
278878,38,9.6316
279547,28,9.3571
279859,30,9.2
280443,7,9.4286
280734,60,9.6
281431,33,9.0303
282220,9,8.4444
283107,46,9.6957
283584,25,8.64
283978,17,8.5882
284665,72,8.5
285225,55,9.2727
286193,10,9.4
286495,24,8.75
287235,28,8.4286
287475,57,8.9474
288472,72,8.8611
288700,11,7.6364
288924,3,9.3333
289886,7,9.1429
290624,11,8.5455
290919,15,9.8667
291089,5,10
291364,30,9
291513,1,8
291676,17,8.7059
292441,19,8.9474
293358,35,8.8571
293370,24,8.3333
293711,37,7.9459
294486,7,9.4286
294537,2,9
295072,40,8.9
295304,16,8.25
295362,39,9.4359
295745,9,8.6667
296430,41,9.3659
296781,12,8.8333
297536,47,9.4894
297978,4,10
298336,35,8.8571
298830,33,9.0303
299080,17,9.4118
299987,59,9.2881
300980,19,9.3684
301159,46,9.3043
301873,28,8.7143
301960,58,9.1034
302043,6,9.6667
302356,31,8.7742
302723,22,8.9091
302757,10,8.8
303292,14,9
303637,1,8
303978,2,9
304354,119,9.5798
305049,15,9.2
305515,1,10
305799,7,9.7143
305868,103,8.5825
306500,35,8.5143
307233,2,10
308000,37,9.0811
308150,35,9.0857
308834,7,8.5714
309634,53,9.3585
310454,37,8.8649
310735,35,9.0857
311245,2,9
311350,28,7.9286
312324,16,9.5
312893,32,9.5625
313568,42,9
313671,21,9.3333
313821,17,9.7647
314633,42,8.619
315240,41,9.4146
315655,21,9.619
315804,44,9.2273
316117,15,9.4667
317029,54,9.037
317759,14,9
318596,5,10
319191,38,9.3158
319514,14,9.2857
320279,9,7.7778
321100,6,9
321674,57,9.2982
321862,1,10
322434,52,9
322469,2,9
322704,26,9.6154
323450,92,9.3913
323870,46,9.087
324607,24,8.8333
325470,81,9.358
325844,29,9.3793
326784,53,9.5849
326908,27,9.1111
327817,22,9.4545
328677,4,10
329069,9,7.5556
329400,45,9.6
329769,24,9.3333
329814,6,9.6667
330238,110,9.6
330893,7,9.4286
331370,25,8.96
331636,28,8.7143
331706,24,9.1667
331924,7,8.5714
332433,2,10
333335,9,9.1111
333479,13,9.2308
334203,11,8.9091
334588,97,9.1959
335248,18,9.6667
335811,6,8.6667
336097,44,8.5455
337018,42,9.1905
337074,14,9.4286
337867,9,9.1111
338695,9,9.5556
339498,43,9.4419
339992,8,9.5
340327,7,6.5714
340567,4,9
340686,63,9.0794
341294,36,9.1667
341450,62,9.0645
341976,25,8.88
342311,45,9.5556
343137,45,9.0222
343444,16,9.375
344292,30,9.4667
344481,12,9.3333
344794,14,9.7143
344877,73,9.1507
345146,77,8.8831
346143,27,8.8148
347112,18,8.3333
347538,14,8.5714
347691,2,7
348662,61,8.5574
349579,49,8.8571
350461,49,8.5714
350549,45,9.4667
350977,35,8.9714
351928,18,8.3333
352365,24,8.75
353027,3,8.6667
353211,7,8.5714
353973,13,9.2308
354557,37,9.027
354610,20,8.6
355463,20,9.1
355881,3,10
356619,30,9.2
357231,43,8.5581
357517,1,8
358479,11,8.5455
358662,40,8.7
358673,12,8.8333
359431,20,9.3
360075,36,9
360595,39,8.6154
360735,4,9
360837,44,9.1364
361145,1,10
361530,28,8.4286
362332,63,9.7143
363135,56,8.8929
363275,8,8.5
363702,9,9.7778
364092,30,8.5333
364172,8,8.75
364862,31,9.0323
365608,37,9.3514
365727,82,9.2927
366475,48,9.2083
366554,3,9.3333
367342,15,8.5333
367523,2,9
367908,3,8
368245,62,8.9355
368421,59,9.1186
369203,29,9.2414
369599,9,9.7778
369899,34,8.5882
370717,30,9.5333
371022,62,9.8387
371714,7,8.8571
372214,13,9.0769
372871,2,10
373415,1,10
373527,9,9.3333
374312,119,9.2773
374793,33,8.6061
375444,41,9.1707
375996,8,9.25
376219,31,8.5806
376859,23,9.3043
376881,43,8.6512
377045,5,7.6
377089,4,7.5
377131,56,8.75
377662,48,9.5
378274,1,8
379018,1,6
379201,18,9.7778
379441,34,8.2941
379885,4,10
379930,14,8.2857
380900,2,10
381444,29,8.6207
382292,1,10
382531,1,10
382702,1,10
382883,55,9.1636
382919,16,9.25
383302,29,8.8276
383730,57,8.4912
384260,18,9.3333
384731,32,9.3125
385214,3,7.3333
385798,5,9.6
386314,37,9.8378
386662,8,8.75
387281,9,9.3333
387449,9,9.7778
387552,73,8.7945
387732,17,9.2941
388461,3,9.3333
389336,4,9.5
389631,69,9.3333
390071,34,9.4118
390461,11,9.2727
391450,57,9.2632
391525,75,9.6267
391907,53,9.6604
392822,23,9.4783
393530,35,9.6
393691,2,10
394079,18,8.8889
394777,7,9.1429
395702,20,9.1
396259,43,9.5814
396894,81,9.1852
397183,39,8.4615
397303,25,9.28
397391,44,9.7273
398222,36,9.2778
398986,6,8.6667
399913,10,7.4
399935,14,8.7143
400546,5,8.4
401266,5,9.6
401333,6,9
401533,26,8.1538
401725,18,7.8889
402211,15,8.4
403038,73,9.1507
403748,53,8.6792
404235,61,8.8197
404345,27,9.1852
405197,6,8.6667
405258,37,9.5135
405646,9,9.7778
405907,61,9.2787
405944,4,9.5
406848,9,8.6667
406895,16,9.625
407323,50,8.76
407719,11,9.2727
408092,4,8.5
408892,1,6
408994,70,9.0286
409531,18,8.6667
410085,1,8
411069,2,8
411221,2,9
412212,6,9.6667
412224,6,8.6667
413010,10,8.4
413341,7,7.7143
414009,39,9.1795
414305,4,9
415231,10,8.4
416010,6,8.3333
416027,18,8.5556
416213,119,9.4454
417055,144,9.3194
417969,10,9
418571,8,8.25
418998,19,9.5789
419701,3,8.6667
420498,28,9.7143
420842,25,8.24
421235,13,9.2308
421373,22,8.4545
422368,31,8.3871
423236,9,7.3333
423547,32,9.375
423908,11,9.8182
424691,71,9.3803
424703,42,9.0952
424962,87,9.6552
425423,17,9.6471
425588,4,8.5
426346,17,7.6471
427227,14,8.8571
427500,22,9.1818
427568,20,8.5
427691,51,8.9412
427952,36,9.3333
428942,33,9.697
429191,109,8.9541
430096,24,8.75
430708,51,8.5098
431518,8,9
431702,26,9.2308
432116,6,10
432268,134,8.8955
432275,234,9.5299
433035,15,8.5333
434013,7,7.7143
435001,45,9.0222
435980,4,9.5
436710,4,8
437435,4,8.5
437449,6,10
438188,2,8
438881,9,9.1111
439630,52,9.3462
439655,50,8.96
439740,23,9.7391
440058,15,8.8
440363,14,9
441162,28,8.5714
441224,24,8.75
442171,20,8.7
442500,61,9.2131
443464,93,8.8387
443517,24,9.0833
444246,15,8.1333
445150,39,9.3846
445546,15,9.6
445639,10,9.2
446156,6,8.6667
447098,8,9.75
447893,9,9.7778
448821,3,8.6667
448965,26,8.1538
449609,42,9.0952
449823,2,8
450618,282,9.5106
451300,27,8.5926
451591,65,8.8923
451754,58,9.1034
451770,8,9.25
451860,30,8.5333
451969,145,9.5862
452942,139,9.5252
453349,41,8.7805
453545,12,7.6667
454299,1,10
454564,19,9.0526
455295,26,8.4615
455720,27,8.5926
456514,12,9.6667
457417,2,10
458060,1,8
458067,1,8
458666,29,9.2414
458919,44,8.8636
459290,16,8.375
459335,4,9
459535,49,8.1224
459700,19,9.5789
460573,21,8.9524
461413,24,9.3333
461503,13,10
462293,4,8.5
462822,3,8.6667
463324,33,9.4545
463334,3,8.6667
463678,18,9.6667
463728,20,9.5
463770,6,9.6667
464158,2,9
465080,14,9
465622,2,8
466311,32,9.25
466603,42,9.4286
466944,252,9.3889
467091,75,9.36
467817,167,9.497
468020,112,9.3571
468314,54,9.2963
468951,9,9.1111
469932,18,9
470444,13,8.9231
471376,18,9.4444
471560,6,10
472333,47,9.2766
472922,136,9.5735
473854,26,9.3846
474493,26,8.7692
474665,18,8.5556
475151,10,9
475271,13,8
476080,16,7.875
476730,14,9.4286
477470,4,7.5
477660,17,8
478077,34,9.0588
478490,41,9.4634
479018,72,9.6667
479885,44,9.5909
480832,71,9.3521
481258,18,9.1111
481569,6,9
482477,18,8.7778
482993,9,8.4444
483202,6,9
483545,12,8.5
483742,3,5.3333
484069,27,9.3333
484096,4,4.5
484814,5,8.8
484978,33,8.3636
485187,37,9.027
485462,20,9.7
486225,17,9.1765
486350,23,9.4783
487111,1,10
487852,19,8.8421
487992,18,9
488181,14,9.5714
489154,2,10
489770,26,8.8462
490588,8,8.5
491342,33,9.3333
492247,48,9.0833
492649,6,9.6667
493265,41,9.0732
493293,4,9
493510,28,9.2143
494266,3,10
494731,19,9.5789
495224,19,9.1579
496108,22,8.9091
496177,2,9
496759,4,10
497011,1,10
497719,63,9.2381
497910,10,9
498082,14,8.8571
498544,39,7.7949
499042,15,8.8
499195,81,9.358
499380,42,9.1429
499679,27,8.8148
500622,19,8.3158
501426,33,9.0909
501519,10,9.6
502489,2,10
503009,61,8.9836
503972,193,9.2746
504109,10,9.2
504959,7,7.7143
505330,2,10
505772,18,7.6667
505877,11,8.7273
506816,11,9.4545
507732,59,9.4915
507766,35,9.2
507888,7,7.7143
508624,1,6
508973,32,8.1875
509406,27,9.7778
509695,4,8.5
510349,2,10
510981,3,9.3333
511441,21,9.7143
512312,2,10
512791,29,9.3793
513234,4,8
514036,17,8.7059
514672,13,9.0769
515055,15,9.2
515521,13,8.1538
515827,27,8.5185
516116,6,8.3333
516963,24,9.25
517802,71,8.9014
517998,62,9.6129
518200,36,9.3333
518748,1,10
519571,5,9.6
520313,4,10
521203,17,8.7059
521966,3,10
522330,3,9.3333
522755,132,9.4394
523495,21,8.4762
523731,27,9.037
523845,33,9.0909
524341,69,9.3623
525014,14,9.2857
525355,24,8.9167
526216,39,9.4872
527045,11,8
527123,3,7.3333
527130,51,9.6471
527885,84,9.2857
528120,12,8.1667
528243,18,8.7778
528590,22,9.4545
529029,6,7.3333
529055,2,6
529528,10,9.6
530513,9,8.8889
530550,13,9.6923
531077,78,8.8718
531788,2,10
532135,266,8.9774
532252,15,8.9333
532982,7,8.5714
533452,49,8.9796
534314,54,9.4444
534612,65,9.4462
534813,2,7
534890,6,9
535046,1,8
535857,27,9.5556
536347,48,9.5833
536592,19,9.8947
537285,22,9.4545
538143,84,8.6905
538840,40,9.25
539385,34,8.8235
540342,34,9.1765
541133,21,9.1429
541999,57,9.3684
542159,20,9.4
542348,28,9.7857
542595,2,10
543189,33,9.6364
544038,26,9.6154
544045,16,9.125
544964,48,9.2083
545632,103,9.1068
546398,29,9.7931
546688,11,8.7273
547674,146,8.9452
548104,17,9.0588
548667,19,9.4737
548685,8,9.5
549366,13,8.7692
549751,40,9.45
549867,34,9.1765
550229,5,9.2
550322,140,9.0143
550590,117,9.4017
550800,13,9.3846
550829,9,8.2222
551321,2,9
551782,55,9.1636
552718,35,8.8571
552889,36,9.4444
553143,34,9.5294
553936,17,8.8235
554095,60,9
555063,82,9.4878
555308,97,9.5258
555311,44,8.9545
556224,19,9.7895
556794,4,9
557701,8,9.25
558669,25,9.44
558784,7,9.4286
559634,29,9.5172
560251,13,8.3077
561215,31,9.2903
561264,112,9.1607
561864,65,9.5692
562188,73,9.0685
563117,11,8.5455
563817,6,10
564488,3,8.6667
564650,13,9.3846
565571,20,9.4
566327,23,9.1304
566753,4,9.5
567142,15,9.6
567453,11,9.4545
567599,15,7.4667
568059,17,8.8235
568429,5,9.6
568875,70,9.1143
569424,54,9.5556
569795,29,9.7241
569832,9,9.3333
570147,9,8.6667
570478,6,9.6667
571441,29,8.7586
571536,18,9
571931,9,9.1111
572613,31,8.6452
573147,40,9.45
573593,45,9.4667
574286,52,9
574909,38,9.5789
575727,50,8.72
576000,42,9.5238
576743,56,9.3571
577053,19,9.2632
577057,7,9.4286
577391,62,8.4194
578153,26,8.8462
578862,48,9.1667
579464,11,7.4545
579746,15,8.5333
580060,55,8.9455
580227,26,8.8462
580691,3,8.6667
581032,46,9.2174
581590,6,8.3333
582430,26,9.5385
582799,7,9.7143
582976,30,9.3333
583437,8,9.5
583572,12,9
584125,3,7.3333
584806,6,9.6667
585608,3,7.3333
585609,2,9
585830,150,9.12
586451,2,7
587001,11,8.9091
587536,14,8.8571
588349,10,8.6
588440,1,10
588814,43,9.1163
588840,16,9.875
589412,5,9.6
589983,13,8.3077
590893,56,9.1429
591636,36,8.7222
591853,30,9.3333
592539,46,9.3043
593478,3,8
593752,5,9.6
594135,9,8.6667
594682,15,9.0667
595048,38,9
595269,44,9.4545
595965,24,8.8333
596043,2,10
596740,37,9.1351
597279,34,9.5294
597314,74,9.1351
597613,20,9.3
598578,15,9.4667
598696,14,8.7143
599262,34,9.3529
599434,2,7
599709,6,9.3333
600102,5,8
600482,12,9.6667
600840,18,8.2222
601482,20,8.9
602418,2,7
603369,46,8.6957
603664,8,9.25
604383,1,10
605263,7,9.7143
606223,9,10
607037,17,9.6471
607186,85,9.1765
607670,5,9.6
608649,15,9.2
609338,28,8.9286
609487,17,8.8235
610093,76,9.3158
610656,4,10
610935,8,9.5
610956,14,9.5714
611674,3,10
612332,3,9.3333
612756,14,9.1429
612956,3,8.6667
613031,5,9.2
613085,39,9.1282
613257,7,10
613771,15,8.8
614384,38,9.2105
614587,2,10
614741,26,8.5385
614775,17,8.8235
615009,49,9.2653
615517,2,8
615644,70,8.6571
616481,42,8.2381
616682,114,9.4211
617013,93,8.9247
617766,116,9
618661,83,8.988
619157,67,9.6418
619977,46,9.3043
620288,46,9.2174
620524,44,9.0455
621457,3,10
621706,6,9.6667
622041,24,8.75
622319,9,8
622527,18,9.1111
623373,4,9.5
623847,2,10
624407,81,9.1358
625308,20,9.9
625370,21,8.0952
625911,17,9.1765
626764,32,9.125
627759,152,9.1842
628492,37,9.4595
628722,9,7.5556
629699,7,10
630296,7,8.8571
631251,37,8.973
632046,3,9.3333
632507,33,9.1515
633179,14,10
633243,12,9
633549,3,10
634306,11,8.9091
634755,11,9.2727
635364,47,9.7021
636233,9,9.1111
636562,15,9.0667
636785,24,8.5
637032,12,9.1667
637042,22,8.9091
637670,112,9.3214
638318,322,9.3292
638571,18,9.2222
639383,1,8
639937,6,9
640121,17,9.2941
640617,54,9.2222
640839,31,9.2258
641806,16,8.625
642677,31,9.4194
643385,18,9.4444
644208,28,8.9286
644425,227,8.6344
644706,52,9.3077
645460,27,8.1481
645661,29,9.3103
645694,18,9.7778
646029,33,9.2121
646512,32,9.3125
646552,11,8.9091
646952,7,8
647288,9,9.7778
647299,9,9.1111
648298,8,8.75
648758,16,8.875
649440,25,9.04
649983,26,8.7692
650770,16,9
651557,17,8.3529
652189,65,9.4154
652854,18,9
653200,29,9.5172
653960,24,9.25
654025,53,8.8679
654662,2,9
654681,30,9.5333
655630,10,8.4
655775,73,9.3151
655967,66,9.303
656480,47,9.4468
656716,23,9.3913
657626,127,9.6063
657712,10,9.6
657768,27,9.2593
658014,8,8.25
658625,54,8.963
658706,27,9.5556
659088,15,9.7333
659182,1,10
660136,44,9.2273
660952,10,9
661589,24,8.8333
662537,9,9.7778
662706,10,9
663524,6,10
664127,24,9.0833
664558,26,8.3077
665175,3,10
665360,65,9.3846
666332,38,8.6842
666794,13,9.6923
667268,38,8.5263
668177,4,9
668229,9,9.5556
668280,80,9.3
669228,9,9.3333
669276,4,7.5
669328,3,10
669519,7,9.4286
670389,19,9.4737
670722,20,9.8
670966,52,8.8077
671410,37,9.4054
671761,75,9.0667
671958,54,9.3333
672419,41,8.9268
673166,23,9.0435
673731,33,9.3333
673917,18,8.8889
674597,17,9.4118
675264,5,10
675335,17,8
675714,39,9.1795
676028,8,9
676280,10,8.6
676940,2,10
677837,53,9.3962
678415,18,9.3333
679098,4,7.5
679340,19,6.8421
680249,17,9.0588
680636,10,8.6
681455,20,9.8
682043,68,9.2353
682871,22,8.4545
683251,130,9.1846
684027,31,8.9032
684381,34,8.4706
684755,4,9.5
685700,12,9.1667
686139,17,8.9412
686614,19,8.1053
686720,61,9.4754
686884,157,9.465
687064,3,8.6667
687702,10,7.8
688271,24,9.4167
688581,2,8
689517,6,8
690330,19,7.8947
690333,2,10
690634,22,8.3636
690829,31,9.6774
690873,16,9.375
691861,23,9.2174
692555,1,10
693185,135,9.4667
693222,49,8.3673
693849,68,9.1765
694477,75,9.68
695314,21,9.619
695796,5,9.2
696699,1,10
696761,25,9.28
697418,2,8
698130,41,9.4634
698153,31,9.7419
699053,26,9.4615
699225,43,9.5814
699458,7,8.8571
699783,20,8.9
700357,16,7.5
701286,10,9
701655,1,10
702133,7,9.7143
702510,3,10
703458,74,9.5676
704314,44,9.3636
704588,9,8.8889
704861,16,7.375
705502,1,8
706145,56,9.5714
706647,18,9.6667
706929,17,9.5294
707158,9,8.4444
707749,3,7.3333
707767,14,8.8571
708064,57,9.3333
708493,52,9.2308
708549,22,8.3636
708613,27,9.3333
709521,40,9.25
709832,190,9.7263
709848,28,9.3571
709987,3,8.6667
710834,21,8.5714
710897,4,9.5
711336,1,10
711389,5,8.4
711795,12,8.8333
712527,58,9.5517
712843,24,9.4167
713000,1,8
713790,45,8.4889
714372,41,9.0732
714374,137,9.708
714449,35,8.9714
714976,4,9.5
715049,2,10
715164,6,10
715193,2,10
716072,14,8.5714
716777,162,9.3704
717182,4,10
717958,2,9
718654,45,9.0667
719301,38,9.5789
719650,6,9.3333
720017,38,9.5789
720677,7,9.4286
721403,95,9.3895
721424,76,9.3947
721699,51,9.1373
722566,3,6.6667
722678,50,9.24
723450,23,9.1304
724319,118,9.7288
724632,1,8
724917,12,8.5
725242,39,9.641
725296,50,9.12
726174,15,8
726666,2,8
727157,55,9.0182
727382,27,9.4074
728275,9,9.1111
728996,4,8.5
729362,120,9.1167
730008,430,9.3581
730604,29,9.2414
731134,39,9.5385
731839,8,9
732316,2,8
732995,70,9.3143
733561,50,9.16
734229,48,8.8333
734704,9,8
735675,21,9.2381
736247,13,8
736985,14,8
737598,94,9.0851
738492,6,8.6667
739233,12,8.5
739541,33,9.0303
739555,20,9.3
740322,13,8.1538
740349,29,9.7241
740418,8,8.75
741141,35,9.5429
741980,30,9.5333
742741,50,9.16
743728,30,9.2667
744180,10,8.4
744451,13,9.3846
744993,5,8
745303,2,9
746029,29,9.3103
746366,93,9.3763
747241,5,8.8
747846,27,8.963
748353,3,7.3333
748419,12,9.3333
749329,32,9.375
750005,21,9.5238
750697,10,8.8
751120,4,9
751867,14,8.4286
752471,10,9.8
753003,16,8.5
753788,104,9.3462
753871,20,6.9
754797,25,8.56
755371,396,9.4394
756020,41,9.561
756784,98,9.5306
756819,93,9.5484
757135,76,9.5526
757774,23,9.4783
758020,2,9
758413,5,9.2
759314,12,8.8333
760309,44,9.5909
760794,7,9.4286
761785,1,8
762257,37,9.027
762508,7,9.4286
763288,193,9.0155
763393,48,9.0833
764165,4,9
764278,6,9
765009,60,9.1
765473,70,9.4
765872,50,9.2
766630,16,8.625
766885,23,8.8696
767710,28,9.2857
767935,2,10
768402,1,10
768842,5,9.2
769383,7,9.1429
769754,4,7.5
770712,46,8.7826
771583,1,10
771815,3,8.6667
772587,6,8.6667
773361,57,9.614
773497,18,9.3333
774379,21,9.8095
774987,4,10
775879,5,10
776147,12,9.1667
776873,6,8.6667
777465,3,8.6667
778237,18,9.1111
779107,15,8.4
779946,7,8.2857
780217,39,8.2564
780380,50,9.08
781281,41,8.3902
781628,6,9.3333
781825,108,8.9074
782051,70,9.3143
782079,46,9.3043
782555,27,9.037
783215,19,9.1579
783906,29,9.2414
784545,50,9.36
784810,9,9.3333
785354,13,9.2308
785603,14,8.1429
786311,15,9.2
786827,34,9.0588
787799,15,7.4667
788115,7,9.4286
789011,16,9.5
789767,74,8.9459
790385,6,8.3333
790784,5,8.4
791120,3,8.6667
791847,22,8.9091
792780,14,9.5714
793525,2,8
794456,13,9.0769
794657,9,7.3333
795254,65,9.2615
795320,145,9.4483
795734,42,8.2857
795781,14,7.8571
796216,13,7.0769
796978,2,7
797218,47,8.5957
798217,10,9
798972,5,8.4
799238,18,9
799258,7,8
799723,22,9.5455
800530,10,8.8
800605,4,9.5
800975,22,8.7273
800996,21,9.5238
801920,24,9.3333
802278,31,9.1613
802815,68,9.2353
803339,20,8.6
804272,2,8
805122,6,9.6667
805353,6,10
805512,12,9
805999,8,8.5
806803,224,9.1607
806919,38,9.4211
807839,9,8.8889
808681,7,8.8571
808736,29,8.7586
809269,6,9.6667
809343,18,8.6667
809891,48,9.7083
810197,28,9.5
810358,5,8.8
810711,3,7.3333
811442,10,9.6
811614,8,9.25
812029,14,9.7143
812813,3,7.3333
813428,24,7.0833
814116,33,9.0303
814717,9,8.6667
814851,6,8.3333
814901,16,8.75
814981,8,9.75
815195,76,9.2105
815527,18,9.1111
815826,22,9.7273
815986,17,8.5882
816840,19,8.6316
817235,1,8
818210,27,9.4815
818635,27,8.2963
819428,12,9
819940,1,8
820057,30,9.0667
820211,18,9.3333
820244,23,7.8261
820942,7,9.4286
821065,3,9.3333
821100,11,9.2727
821189,13,9.3846
821778,4,9
822724,24,8.6667
823534,65,8.3077
824029,28,8.7143
824318,17,8.7059
824925,5,8.4
825797,5,8
826125,17,9.2941
826495,1,10
826672,25,8.4
827522,13,8
827986,2,10
828743,16,9.125
828847,36,9.1667
828903,16,9.75
829667,15,8.9333
830076,1,10
830504,20,9.6
830636,4,10
831463,18,8.8889
832070,10,9.8
832175,3,10
832622,133,9.594
832705,20,9
833599,56,9.25
833666,289,9.301
834620,127,9.685
834814,85,9.5294
835781,6,10
835908,6,8.3333
836119,6,8.6667
836441,15,9.3333
836631,42,9.0476
837232,2,8
838074,1,10
838207,42,9.1429
838983,82,8.9756
839499,26,9.4615
840165,12,9.3333
840269,2,8
841044,2,8
841543,2,7
842449,21,8.381
842895,6,9.6667
843274,11,8.3636
843739,11,9.6364
844580,6,8
844779,8,7
845730,28,8.3571
846583,3,6.6667
846616,33,9.2121
846699,37,9.2973
847550,36,9.1667
848251,18,9.5556
848848,31,8.5161
849468,157,9.1975
849703,5,9.6
849722,1,8
849804,3,8
850498,16,9.125
851120,8,9.25
851603,45,9.6
851656,23,8.4348
851692,20,8.7
852009,6,7.6667
852204,31,9.6129
852319,17,9.2941
853235,6,7.6667
853894,7,9.4286
854404,30,9.4
855322,1,8
855939,16,9.5
856483,14,9.2857
856497,11,9.6364
857115,3,8.6667
857508,25,9.52
858304,219,8.6941
858647,38,9.5263
858828,70,9.5143
859692,48,8.875
859889,69,9.3043
860350,14,8.8571
861118,24,9.1667
861613,21,9.3333
861707,38,8.3684
862446,100,9.28
862815,30,8.9333
863134,11,8.5455
863680,28,9.5714
864299,64,9.4375
864981,76,9.4211
865225,173,9.0289
865585,73,9.2055
866304,89,9.4382
867148,30,8.6667
868096,55,9.6
869052,18,8.5556
870021,20,9.5
870184,132,9.6212
871172,72,9.6389
871903,19,9.3684
872442,19,9.1579
872676,2,8
872951,27,9.1111
873299,7,10
873547,64,9.1875
874053,36,9.3889
874239,1,8
874687,7,9.4286
874728,3,7.3333
875118,3,10
875667,9,8.8889
876394,38,9.4737
876938,27,9.1852
877479,23,9.6522
877767,70,9.3429
878388,9,10
878960,21,8.8571
879452,38,8.8421
879997,17,9.2941
880935,30,9.3333
881837,8,9
882528,1,10
883163,1,8
883661,189,8.9947
883838,31,9.2903
883916,6,8.6667
884056,9,8.4444
884330,4,7.5
884737,38,9.3684
885333,5,9.6
885960,5,9.2
886686,11,8.1818
887454,73,8.9041
887695,59,9.1186
888278,5,8.8
889239,93,8.8172
890105,94,9.0426
890500,38,8.5263
890743,2,9
891726,4,9.5
892222,7,8.2857
893017,5,8.8
894000,9,10
894856,1,10
895338,12,8.6667
896330,11,8.5455
896619,1,10
896665,2,9
897494,25,9.12
898283,63,9.4286
898529,26,9.6154
899416,3,9.3333
899950,6,9.3333
900878,19,8.4211
901186,33,8.7273
901631,17,8.7059
902200,71,8.8451
902478,82,9.0732
903091,46,8.8696
903647,143,9.7622
904251,19,8.8421
904766,69,9.3623
905717,19,9.4737
906158,2,9
906993,7,9.4286
907548,14,9.4286
908394,1,8
909221,30,9.3333
909677,49,9.4286
910169,3,10
911132,41,9.561
911758,3,8.6667
912273,18,9.2222
912462,11,9.8182
912603,5,9.2
912865,8,9.5
913142,18,9.1111
913691,32,9.375
914136,70,8.8857
914568,41,8.9268
914588,2,7
915043,2,9
915376,12,8.5
916090,13,9.2308
916347,13,7.5385
916397,23,8.8696
916623,7,9.4286
916639,92,8.9565
917461,23,9.2174
918064,82,9.4634
918212,26,9.0769
918397,34,8.6471
918827,27,9.4074
919589,25,9.84
920132,22,9.1818
920294,12,9
920927,74,9.2162
921642,307,8.9902
922038,21,9.2381
922753,4,9
923165,3,10
924088,8,9.25
924335,22,9.2727
924469,3,10
925030,5,8.4
925104,32,9.125
925665,90,9.1333
926333,3,9.3333
926842,66,9.5758
927817,16,9.625
928269,25,9.12
928312,37,8.7568
928978,18,8.3333
929570,51,9.4118
929861,27,8.6667
930279,18,9.3333
930824,11,9.2727
931139,13,9.6923
931157,3,9.3333
931734,66,9.4545
932152,58,8.5517
932347,90,9.3333
932668,8,8.5
933074,35,9.0857
933691,53,9.4717
934639,32,9.625
935316,24,9.3333
935771,6,8.6667
936038,20,9.5
936843,5,9.6
937638,75,8.7733
938057,11,7.8182
938882,25,8.16
939721,7,8.5714
940367,17,8.2353
940419,38,9.6316
941248,6,7.6667
941787,6,8.6667
942188,24,9.75
943143,42,9.381
943243,203,9.4286
943349,9,8.8889
943941,2,7
944012,15,7.0667
944061,9,8.2222
944512,9,8.8889
944766,29,8.6207
945246,9,9.7778
945880,114,9.2632
946530,103,9.301
947192,53,9.0566
947584,25,8.24
948002,123,9.2846
948174,45,9.5556
948396,41,9.6585
948805,29,8.4828
949187,3,8.6667
949729,2,9
950224,5,10
951095,7,9.4286
951771,13,8.4615
951810,37,9.2973
952053,41,8.6829
952643,19,9.1579
952836,3,9.3333
953424,2,10
954303,23,7.913
955151,21,8.5714
955742,12,9.1667
956499,13,9.2308
956997,25,9.68
957927,29,9.4483
958423,57,9.7193
958617,17,8.8235
959200,36,9.3889
959475,8,9.25
960463,60,9.3667
960713,3,8.6667
960906,9,9.5556
961819,102,9.1569
962489,46,9.3043
963476,459,8.732
963763,5,9.2
964352,4,7.5
964922,4,8.5
965001,6,9
965325,1,10
965768,51,9.4902
965888,17,9.6471
966875,28,9.2857
967675,35,9.4286
968649,25,9.68
969553,25,8.64
970010,18,9.1111
970500,15,9.8667
971268,10,8.8
972048,21,8.8571
972509,8,7.75
972745,38,8.8947
973512,15,9.2
974129,13,9.0769
974504,34,8.6471
975243,16,9.5
975506,9,9.5556
976264,5,9.2
976594,14,9.8571
977381,40,9.1
977833,2,7
978637,4,9
978935,22,9.8182
979016,17,8.9412
979046,46,8.8261
979692,1,10
980230,53,8.9811
981163,10,8.4
981993,7,8.8571
982621,80,9.35
982932,90,9.4
983905,22,8.6364
984289,39,8.5641
985087,81,9.0123
985499,110,9
986296,48,8.875
986324,75,9.3333
986546,36,9.1111
987052,131,9.0687
987536,108,8.3889
987569,69,9.3043
987743,73,9.589
988239,60,9.5333
989029,59,9.5932
989581,26,9.2308
990533,3,9.3333
990892,12,8.8333
991459,1,10
992169,21,8.2857
992520,24,9.4167
992623,13,9.5385
993317,6,10
993753,20,8.6
993779,18,8.6667
994031,9,8.2222
994626,27,7.3333
995232,3,8.6667
995959,1,10
996851,18,8.7778
997357,3,9.3333
997751,11,8
998371,1,10
998947,45,9.1111
999526,60,8.3667
999837,94,9.3404
1000254,47,9.3191
1000270,94,9.3404
1000739,82,9.561
1001122,82,9.2683
1001783,3,9.3333
1001785,12,9.5
1001829,35,9.4286
1001857,10,8.8
1002181,1,10
1002298,11,9.6364
1002863,57,9.3684
1003076,132,9.7727
1003622,2,10
1004015,6,8.6667
1004940,4,9
1005880,105,9.4667
1006362,12,9.3333
1006590,4,9
1006741,30,8.5333
1007290,18,8.1111
1007343,3,8.6667
1007691,27,9.4815
1008472,4,9.5
1008474,19,8.7368
1008562,66,9.3333
1009245,5,9.2
1009409,13,9.6923
1009546,72,9.1667
1009845,115,9.3391
1010328,122,9.7213
1010926,123,9.626
1011749,37,8.6486
1011971,12,10
1012189,19,8.4211
1012832,12,9.5
1013498,66,9.7576
1014293,21,8.9524
1014880,17,9.0588
1015626,41,9.5122
1015917,21,9.0476
1016759,88,9.4773
1017726,53,9.4717
1017773,38,8.7895
1018136,59,9.4237
1018333,2,8
1018771,1,10
1018841,205,9.1415
1019581,51,9.5294
1019819,57,9.0526
1020585,37,8.5946
1021482,30,8.5333
1022099,36,8.1667
1022354,9,8.2222
1023159,54,8.8889
1023626,13,9.3846
1024498,23,9.5652
1025281,2,10
1025572,10,9.2
1026404,3,10
1026684,9,9.3333
1027436,26,9.3846
1028170,11,8
1028330,24,8.9167
1028441,3,9.3333
1028680,49,9.3469
1029668,16,9.125
1029963,4,8
1030240,19,7.8947
1030312,25,8.56
1030910,18,9.1111
1031161,13,9.6923
1031440,232,9.5431
1032121,10,9.4
1032186,30,8.9333
1032906,23,8.9565
1033454,70,9.6
1034310,13,9.2308
1034372,13,9.0769
1034813,5,9.6
1035288,3,9.3333
1036192,45,8.7556
1036336,39,9.5385
1037331,1,8
1037420,18,9.7778
1037538,2,10
1037743,5,9.6
1038233,35,8.5143
1038630,28,8.7857
1038793,3,9.3333
1039359,13,8
1039616,7,9.4286
1039951,4,8
1040565,4,8.5
1041411,19,8.9474
1041657,9,9.3333
1041724,1,10
1042152,9,8.2222
1042558,2,6
1042783,55,8.6909
1043198,18,9.2222
1043392,48,9.6667
1044125,45,9.6889
1044663,19,9.5789
1044722,8,9.25
1044908,7,9.4286
1045120,40,9.5
1045604,56,9.1071
1045956,13,9.5385
1046153,26,9.3846
1046957,29,8.4138
1047479,3,8
1047613,23,9.6522
1048184,183,9.3115
1049084,13,8.4615
1049694,27,9.6296
1049981,25,9.28
1050242,93,9.0538
1050289,13,9.5385
1050416,14,8.4286
1051003,8,9.25
1051985,7,8.5714
1052971,27,8.8889
1053467,7,8.8571
1054067,35,8.8
1054232,1,8
1054480,24,8.9167
1055399,17,9.1765
1056174,53,8.9434
1056939,55,9.2
1057309,20,9
1057664,256,9.2734
1057930,34,9.2941
1058632,66,9.1818
1058949,15,9.3333
1059760,5,8.8
1059841,5,8.4
1060700,14,7.4286
1060813,1,6
1061029,7,8.2857
1061890,12,8.1667
1062322,2,9
1062440,14,9.2857
1063294,18,9.8889
1063576,48,8.9167
1063761,81,9.4074
1063822,4,9.5
1064359,19,8.7368
1064397,284,9.7817
1064642,2,10
1064880,61,9.0164
1065732,6,9
1066244,19,8.1053
1067035,7,9.4286
1067268,3,10
1068027,15,9.4667
1069002,25,9.6
1069265,40,9.45
1069416,1,10
1069879,56,8.8929
1070445,6,9.3333
1070633,7,7.4286
1070728,5,8.4
1071121,2,10
1071711,22,8.1818
1072201,14,8.1429
1072520,5,8.4
1072638,31,9.0968
1073611,10,9
1074283,42,8.9048
1075242,4,10
1076157,73,9.0685
1076484,555,9.027
1077123,65,9.2
1077340,7,9.4286
1078038,11,9.2727
1079034,17,8.9412
1079695,15,9.7333
1080396,10,7.6
1081213,5,8.8
1081548,7,8.8571
1082379,100,8.54
1082384,80,9.3
1082745,16,9.375
1083036,12,9.1667
1083102,10,9.2
1083523,7,8.5714
1083638,33,9.0303
1083818,62,9.1613
1084380,19,9.0526
1084504,14,8
1085150,17,8.9412
1085416,7,7.4286
1085718,6,6.6667
1086423,1,10
1086679,1,10
1087594,7,10
1088129,23,8.9565
1088956,3,10
1089872,10,9.8
1090011,32,9.3125
1090064,134,9.2239
1090219,64,9.4063
1090944,8,8.25
1091246,7,9.7143
1091440,12,9.5
1091654,48,8.9583
1092231,66,9.4242
1092842,21,9.0476
1093026,90,9.6889
1094009,41,9.561
1094741,2,10
1095183,6,9.6667
1095695,48,9.25
1095884,1,10
1096145,15,8.4
1096999,21,9.3333
1097239,6,9.3333
1097644,1,10
1098399,19,9.0526
1099081,65,9.3538
1099530,42,8.9048
1099646,7,9.4286
1099773,57,9.193
1100140,3,8
1100910,3,7.3333
1101264,8,9.75
1101413,2,9
1101822,13,9.0769
1102551,18,9.4444
1103425,48,8.9167
1103980,2,10
1104659,1,8
1105210,6,10
1105919,3,7.3333
1106101,140,9.6714
1106697,38,8.5263
1107693,26,9
1108555,55,9.7091
1108814,245,8.702
1109803,103,9.2816
1110122,71,9.6338
1110676,48,8.7083
1110928,34,9.0588
1110985,45,9.5111
1111873,58,9.5172
1111981,17,8.7059
1111986,1,10
1112658,42,9
1112955,45,8.6222
1113191,117,9.2479
1113599,24,9.3333
1114041,29,9.1034
1114441,16,8.875
1115223,22,8.4545
1115567,1,10
1115837,5,8.4
1116585,8,9.25
1117289,13,8.9231
1118202,8,8
1118295,7,9.1429
1119245,26,9.2308
1120148,21,9.7143
1120159,2,9
1121132,47,8.6809
1121351,23,9.1304
1121730,41,8.7805
1121769,4,6.5
1122460,44,9.2727
1123165,3,9.3333
1123833,15,9.4667
1123982,21,9.0476
1124509,19,8.7368
1124893,5,9.2
1125021,5,9.6
1125124,1,8
1125393,20,9.2
1125699,3,9.3333
1126054,12,9.1667
1126241,27,9.7037
1126394,60,9.3667
1126889,108,9.5
1126983,8,9.25
1127888,5,9.6
1128155,5,10
1128722,4,6.5
1129399,41,9.3659
1129763,7,9.1429
1129875,24,9.3333
1130860,9,8.8889
1131772,11,9.2727
1132735,17,8.9412
1132884,25,9.76
1132917,6,9
1133906,84,9.7143
1134208,31,8.7742
1135080,15,9.7333
1135348,29,9.3103
1135613,4,10
1136365,20,9.5
1137257,2,10
1138140,9,10
1138755,13,9.3846
1139254,10,9.2
1139365,7,9.1429
1139708,37,7.5135
1140255,5,8
1141067,33,9.3333
1141778,22,9.0909
1142056,26,9.2308
1142945,59,9.7627
1143588,25,9.04
1144308,44,8.9091
1144993,4,8.5
1145592,51,9.0588
1146287,166,9.5301
1146704,20,9.5
1146727,9,9.3333
1146825,56,8.5357
1147534,6,9.6667
1147823,71,8.8732
1147844,37,8.8108
1148823,36,9.1111
1149283,52,9.1923
1149455,18,8.6667
1149636,1,6
1150317,3,9.3333
1150596,9,9.1111
1151504,6,8.3333
1152022,1,10
1152774,1,10
1153191,3,9.3333
1153545,23,9.3913
1154164,27,9.3333
1154504,42,8.4286
1154732,32,9.625
1154854,37,9.1351
1155299,17,9.2941
1155639,29,9.4483
1156321,26,9.3077
1157136,12,9.5
1157402,12,8.1667
1158313,33,9.7576
1158451,35,8.2286
1159412,34,9.0588
1160073,17,9.2941
1160869,37,8.7027
1161038,10,9.6
1161988,13,8
1162261,10,8.6
1162640,8,7.75
1163129,57,9.3684
1163310,34,9.2941
1163553,104,9.4808
1164098,37,9.2432
1164757,94,9.1915
1164793,26,9.0769
1164872,8,9.75
1165054,18,9.6667
1165567,6,9
1166222,5,8
1166477,9,9.3333
1166927,108,9.5556
1167757,22,8.6364
1167885,14,9
1168767,23,9.3913
1169621,2,8
1169722,23,9.1304
1170357,31,9.0323
1171343,5,9.6
1171513,10,8.2
1171567,12,7
1171728,15,8.6667
1172052,130,9.3231
1172239,14,9.1429
1173025,29,9.4483
1173459,27,9.1852
1174307,112,8.3929
1174940,32,9.4375
1175875,1,8
1175903,148,8.3378
1176070,50,9.72
1176605,51,9.4902
1177303,1,10
1177997,27,9.1852
1178371,2,9
1178721,43,8.093
1179146,2,10
1179225,8,9
1179273,102,9.098
1180202,19,8.9474
1180533,21,9.5238
1181529,11,9.0909
1181917,16,8.875
1182071,14,9.2857
1182386,1,10
1182869,9,7.7778
1183835,32,9.375
1184628,13,8.7692
1185240,12,8.8333
1186050,35,9.0857
1186923,103,9.8447
1187427,35,9.1429
1187659,128,8.9688
1188264,80,9.425
1188641,68,9.4412
1188713,54,9.2222
1189511,21,9.0476
1190171,5,9.6
1190600,14,9.1429
1191107,3,8.6667
1191124,46,9.0435
1191552,7,9.4286
1191969,14,9
1192323,1,10
1192794,7,8.8571
1192948,8,9.25
1193060,5,6.8
1193322,6,9.3333
1193716,8,9.5
1194169,37,9.5135
1194539,51,9.0588
1194697,6,9.3333
1194719,3,9.3333
1195490,15,9.4667
1195998,19,9.1579
1196239,1,8
1196314,13,8.4615
1196605,15,9.3333
1197228,35,8.6857
1197985,15,8.6667
1198628,47,9.4043
1198944,44,9
1199931,14,8.1429
1200223,42,9.8095
1201176,2,9
1202098,3,10
1202983,7,9.7143
1203092,11,8
1203684,1,6
1204662,5,9.6
1205016,53,9.283
1205802,27,8.4444
1206618,25,7.92
1207217,39,9.2821
1207360,64,9.0938
1207456,73,8.9315
1207541,10,9.6
1208281,2,10
1209067,1,10
1209909,79,9.2152
1210197,81,8.8889
1210233,187,9.3583
1210991,32,9.5
1211263,1,10
1211296,14,8.7143
1211562,58,9.1379
1211829,12,9
1212804,1,10
1212992,75,9.1733
1213427,308,9.6494
1213752,95,9.0526
1213796,38,9.2105
1214361,6,9.6667
1214779,6,6.6667
1215281,71,9.9155
1216038,32,8.25
1216285,2,8
1217094,33,9.2727
1218035,1,8
1219000,20,9.1
1219459,40,9.25
1219754,37,9.0811
1220287,12,9.6667
1220393,66,8.9091
1221372,21,8.7619
1222019,15,8.1333
1222906,7,7.4286
1223581,15,8.5333
1223725,97,9.3196
1224275,25,9.68
1224461,71,9.3521
1225430,30,9.2
1225471,27,9.3333
1226293,579,8.829
1226974,4,10
1227811,29,9.5172
1228651,73,9.0685
1229092,22,9.0909
1229153,14,9.5714
1229349,6,9.6667
1229740,208,9.3558
1230116,6,10
1230882,5,9.6
1231549,19,9.3684
1231740,29,9.0345
1231865,24,9.5833
1232187,28,8.8571
1233020,28,8.9286
1233596,7,9.7143
1234209,2,9
1235119,11,8.5455
1235577,9,9.1111
1236285,2,10
1236359,51,9.7647
1237090,18,9.6667
1237908,3,10
1237986,21,8.5714
1238932,343,9.3819
1239016,1,10
1239431,1,10
1240309,108,9.463
1241304,162,9.3951
1241917,67,9.4925
1242074,51,9.2941
1242444,20,9.2
1243365,4,8.5
1243645,7,8.8571
1244000,10,8.2
1244364,11,8.9091
1245038,15,8.8
1245571,7,9.4286
1246144,11,8.5455
1246981,44,9.1364
1247578,61,8.8525
1247623,23,8.6957
1248293,21,8.4762
1249033,25,8.8
1249961,4,9
1250367,43,8.8372
1250402,23,7.6522
1251146,21,8.8571
1251383,7,9.4286
1251617,90,9.2444
1252187,30,9.6667
1252971,24,8.75
1253724,14,9.1429
1254028,9,8.8889
1254547,69,9.3913
1255234,41,9.0732
1255302,46,9.087
1255726,66,9.4848
1256434,25,9.36
1256956,32,9.4375
1257763,43,9.3488
1257812,48,9.125
1257871,25,9.2
1258330,25,8.08
1258461,5,9.2
1258746,8,8.25
1259708,71,9.2394
1260666,154,9.6883
1260731,76,9.6579
1261393,41,8.7805
1262352,33,9.1515
1263144,9,9.5556
1263582,34,9.3529
1263613,1,8
1263897,25,9.44
1264019,2,10
1264448,1,8
1265357,48,9.3333
1266176,77,9.2468
1266411,4,10
1266469,5,8.8
1266562,7,8.2857
1267490,8,8.25
1268336,1,10
1268357,6,8.6667
1268360,80,8.7
1268484,3,10
1269027,7,9.4286
1269149,25,9.92
1270050,4,9
1270958,5,9.6
1271400,25,9.04
1271853,53,8.717
1272718,29,9.1034
1273149,19,9.5789
1273589,100,8.98
1273915,36,9.6111
1274052,22,8.8182
1274294,9,9.7778
1274400,21,9.1429
1274956,118,9.1864
1275627,25,8.4
1276001,1,6
1276025,10,9.2
1276802,13,8.7692
1277141,34,9.4118
1277646,11,9.2727
1278211,77,9.6364
1278888,33,9.2121
1279089,19,9.0526
1279220,40,8.55
1279221,2,7
1279795,9,8.2222
1280715,14,9.2857
1281064,38,8.3684
1281865,10,9.4
1282254,26,9.5385
1282851,3,8.6667
1283795,29,9.5172
1284660,13,8.9231
1285191,6,10
1285250,9,9.7778
1285647,48,9.5
1285684,21,9.2381
1286229,37,9.2973
1287055,3,10
1287125,8,8.25
1287390,29,7.6552
1287535,54,9.3704
1287876,8,9.5
1288868,1,10
1289088,25,9.12
1289102,17,9.2941
1289744,28,9.3571
1290146,5,8.8
1290861,13,9.6923
1291744,18,9.5556
1292293,15,9.8667
1292843,54,8.6296
1293730,5,9.2
1294261,78,9.3333
1294660,40,8.95
1294852,72,9.25
1295171,164,9.0854
1295893,15,9.3333
1296364,26,9.2308
1296975,3,10
1297588,12,9.1667
1298171,5,10
1298692,28,9.5
1299039,18,8.6667
1299190,27,8.6667
1299555,12,7.6667
1300112,19,8.9474
1300249,33,9.3939
1300775,4,9
1301573,4,10
1302147,3,9.3333
1303068,12,8.6667
1303077,4,9.5
1303253,2,10
1303617,2,10
1303995,61,9.7705
1304627,5,9.6
1304876,7,9.7143
1305217,4,7.5
1306088,13,8.7692
1307048,9,9.7778
1308013,105,9.4476
1308832,46,9.4783
1309118,56,9.6429
1309537,159,9.673
1310167,38,9.5263
1310462,40,9.7
1310632,21,9.0476
1311397,18,9.2222
1312162,19,9.5789
1312996,74,9.6216
1313216,2,9
1313746,79,8.8354
1313942,93,9.4409
1314014,17,9.4118
1314666,18,9.5556
1314701,16,9.25
1315221,11,8.7273
1315960,25,8.8
1316404,51,8.5882
1316534,42,9.381
1316758,1,8
1317673,21,9.5238
1317747,44,8.6818
1317846,93,9.5484
1317878,24,8.6667
1318448,12,8.6667
1318793,29,8.6897
1319424,2,10
1319519,29,9.3103
1320203,22,9.1818
1320601,1,10
1321174,12,9.5
1321818,2,10
1322053,14,8.4286
1322256,2,10
1322538,7,9.7143
1322682,27,8.8148
1322953,21,8.1905
1323006,7,9.1429
1323121,24,8.8333
1323914,8,8.25
1324206,1,10
1324909,2,8
1325194,21,9.0476
1325648,222,9.1982
1326105,7,9.4286
1326545,26,9.2308
1327434,9,8
1327789,24,8.8333
1327795,1,10
1328011,13,9.2308
1328587,47,9.7021
1328898,44,9.8182
1329015,2,10
1329021,40,9
1329072,34,9.4118
1329801,4,9.5
1330312,59,9.5932
1331220,34,9
1332029,12,9.5
1332388,12,8.3333
1333316,54,9.2963
1333481,35,8.5714
1334351,41,8.3902
1334632,12,9.1667
1334728,102,9.1176
1335648,116,9.7414
1336309,23,8.1739
1337205,196,8.8878
1337235,1,10
1338158,1,10
1338469,49,8.8571
1339136,87,9.5862
1339601,42,9
1340234,44,9.5
1340629,7,9.1429
1341504,12,9.1667
1342040,32,8.5625
1342972,10,8.8
1343019,9,9.3333
1343855,6,7.3333
1344283,6,10
1344940,39,8.9744
1344951,2,10
1345027,21,9.5238
1345080,15,9.8667
1345219,12,9.3333
1346012,2,9
1346753,23,8.9565
1346952,5,9.6
1347405,34,9.3529
1347799,9,9.1111
1348294,36,9.6111
1348707,1,10
1349696,17,8.2353
1350479,17,8.1176
1351301,35,9.1429
1351623,20,9.5
1352528,9,8.4444
1352656,28,9.2143
1353012,40,9.8
1353354,9,8.6667
1353371,6,8.6667
1353811,37,9.7838
1354299,30,8.0667
1354920,41,8.9756
1355618,139,9.2518
1356085,13,8.9231
1356952,64,9.6563
1357639,3,8.6667
1358356,5,9.2
1358958,3,9.3333
1359622,80,9.325
1360406,28,9.2857
1361162,61,9.4426
1361212,29,9.5172
1361906,15,8.6667
1362593,84,8.8571
1363362,5,10
1363651,29,8.2069
1363948,27,8.963
1364569,53,8.6792
1364866,43,9.0233
1365521,13,8.9231
1366101,87,9.5632
1366460,4,9
1366530,46,9.6522
1366699,94,8.8723
1367424,34,8.8824
1368220,11,9.0909
1368315,19,9.7895
1368672,17,9.0588
1369656,2,10
1370008,8,9
1370848,9,9.3333
1371685,2,10
1372275,3,6
1373203,3,10
1373610,9,8.8889
1373876,28,9.1429
1374373,14,8.2857
1375284,8,8
1375793,20,8.5
1375928,25,9.52
1376921,14,8.4286
1377551,3,8.6667
1377639,18,9.3333
1378631,330,9.6242
1379493,92,8.587
1379559,67,9.4627
1380305,18,9.7778
1380504,7,9.1429
1381018,4,9
1381917,15,9.3333
1381957,3,10
1382388,36,8.7222
1382749,11,9.2727
1382903,3,9.3333
1383321,25,8.48
1383415,26,9.5385
1383632,15,8.6667
1384226,19,9.4737
1384407,7,9.4286
1384766,72,8.8889
1385426,6,9.6667
1386350,24,8.8333
1387348,10,9
1387904,2,10
1388246,18,9.1111
1389014,12,9.5
1389231,18,9.4444
1390212,69,9.1594
1390469,110,9.0909
1390540,40,9.2
1390827,26,9.5385
1391320,28,9.3571
1391477,22,9.1818
1391846,34,8.7647
1391906,20,9
1392841,39,9.1282
1393299,10,9.4
1393891,4,8.5
1394843,8,8.25
1395315,9,9.3333
1395875,2,10
1396660,32,9.5
1396878,32,9.375
1397005,17,9.2941
1397874,14,9.4286
1398523,35,9.2
1399020,16,9.375
1399602,10,7.8
1399833,16,9.625
1400094,11,9.6364
1400746,7,8.2857
1401470,13,8.1538
1402140,10,9.2
1402874,37,9.2432
1403766,4,10
1404266,10,9.6
1404585,2,10
1404676,87,9.7011
1404981,5,9.2
1405562,3,9.3333
1405845,8,9.25
1406056,38,9.2632
1406191,2,8
1406963,7,7.7143
1407374,8,9.25
1407851,3,8.6667
1407928,31,8.4516
1408079,67,9.1045
1408354,20,9.3
1408529,13,9.5385
1409027,32,9.6875
1410022,3,8
1410653,37,9.3514
1411562,15,9.0667
1412068,2,7
1412589,7,8.5714
1413486,50,9
1413981,30,9.4
1414597,7,10
1414750,19,9.3684
1414833,46,9
1415190,21,9.3333
1415952,104,9.5577
1416608,27,9.2593
1417294,42,9.5714
1418138,64,9.5
1419083,119,8.9076
1419447,5,8.4
1419870,16,9.125
1420024,4,9
1420770,235,9.4043
1420896,25,9.68
1421674,11,8
1421726,3,8.6667
1422015,27,8.2963
1422568,19,8.4211
1422667,2,9
1422762,20,8.6
1423674,3,9.3333
1424454,93,8.4946
1424883,56,9.0357
1425193,32,9.3125
1425607,8,9.75
1425852,13,9.3846
1426339,3,8.6667
1426525,17,8.5882
1427330,37,9.4595
1427750,94,9.6383
1428087,15,8.8
1428822,20,9.2
1429022,108,8.7593
1429859,68,8.5
1429912,39,8.7692
1430716,21,9.2381
1431264,8,9.75
1431355,16,8.125
1432088,11,8.1818
1432370,15,8.1333
1432504,34,8.8235
1432831,6,8.3333
1433240,38,8.4737
1433766,96,8.9583
1434163,29,8.8966
1434272,39,8.5128
1434569,3,9.3333
1434600,7,8.5714
1434889,1,10
1435687,52,8.8846
1436642,53,9.5849
1436844,5,8
1437612,93,9.1183
1437907,33,9.2727
1438673,16,8.5
1439155,11,9.2727
1440124,26,9
1440265,1,6
1440450,12,9.5
1441199,3,7.3333
1441700,18,9
1442452,7,8.5714
1443184,12,9.3333
1444142,62,8.6452
1444603,3,7.3333
1445376,8,9.5
1445609,41,8.6829
1446293,184,9.0761
1446885,11,8.9091
1447358,7,9.4286
1447394,2,8
1447941,82,9.3171
1448326,24,9.0833
1448560,6,8.3333
1448967,20,9.3
1449570,148,9.527
1449671,9,8.4444
1449758,19,9.1579
1450102,33,9.2121
1450450,34,9.3529
1451390,29,9.931
1452027,4,9.5
1452674,1,10
1453647,13,8.9231
1453669,99,8.9091
1453730,20,8.9
1454374,18,9.6667
1454376,32,8.9375
1454808,23,8.8696
1455118,18,9.4444
1455272,51,9.6078
1456137,7,7.1429
1457018,3,8.6667
1457171,39,8.4103
1457605,4,8
1458403,24,9.6667
1458668,31,9.4194
1459539,74,9.1892
1459683,68,9
1459957,82,8.9268
1460606,67,9.1343
1460767,46,8.5652
1461091,23,8.5217
1461623,45,9.3333
1462172,22,9.3636
1462873,5,9.2
1463334,1,10
1463543,156,9.5385
1463604,78,9.4872
1464345,3,10
1464972,2,9
1465348,38,8.5789
1465594,22,9.1818
1465824,23,8
1466391,2,6
1467075,8,9.5
1467111,23,9.3913
1467187,2,8
1467760,34,9.0588
1468203,52,9.0769
1469072,43,9.7674
1470044,7,9.4286
1470980,10,7.8
1471829,2,7
1472591,21,8.0952
1472909,63,9.2381
1473668,21,9.2381
1473684,48,9.0417
1474262,15,8.5333
1475101,2,9
1475816,11,9.0909
1476038,3,6.6667
1476552,2,10
1476825,78,9.4615
1476974,11,9.0909
1477398,19,9.4737
1477695,2,9
1478427,44,9.5455
1479136,31,9.5484
1479569,23,8.5217
1479699,63,9.3651
1480010,27,9.7037
1480942,47,9.4468
1481329,38,9.4211
1481998,25,8.72
1482569,42,9.4286
1482652,26,9.1538
1483562,36,9
1483804,27,8.8889
1484078,194,8.9381
1484383,185,9.1351
1484638,4,9.5
1484958,3,10
1485317,7,8.8571
1486197,14,9.5714
1486261,37,9.3514
1487216,31,8.9032
1487957,29,9.7241
1488836,34,9.3529
1489325,5,7.6
1490201,12,9
1490515,47,9.1489
1491185,8,9.5
1491622,8,9.25
1491763,20,9.2
1491849,20,9.6
1492185,65,8.8615
1492694,5,10
1493224,12,7.5
1493246,67,8.597
1494097,30,9.2
1494967,11,10
1495368,21,8.381
1496340,39,9.3846
1496586,26,9.4615
1496861,85,9.1765
1497029,28,9.3571
1497935,68,9.4706
1498329,198,9.4444
1498534,22,9.3636
1499177,30,9.4667
1499752,16,8.875
1499974,64,9.8125
1500841,1,10
1501053,5,9.6
1501483,16,9.75
1501987,153,9.3856
1502343,16,8.875
1502884,2,9
1503791,19,8.6316
1503862,7,8.5714
1504304,26,9
1504330,29,9.4483
1505204,87,9.4483
1505457,6,9.3333
1505652,10,9.8
1505709,26,8.8462
1506520,4,9
1507056,17,9.4118
1507833,1,10
1508337,3,10
1509299,30,9.2
1510143,10,8.4
1510617,25,8.88
1511014,29,8.4828
1511595,19,8.8421
1512186,3,9.3333
1512783,24,9
1513308,5,8.4
1513452,24,8.1667
1514308,45,8.9778
1514732,1,10
1514889,1,10
1515004,4,8.5
1515339,161,9.5652
1515649,207,8.9662
1516223,24,9.1667
1516843,151,9.5894
1517307,54,9.4074
1518052,19,8.9474
1518795,22,9.3636
1519172,28,9.5714
1520010,3,9.3333
1520680,35,9.0857
1521602,2,6
1522010,13,9.2308
1522107,12,9.3333
1522253,98,9.3469
1522670,21,9.7143
1522885,15,9.4667
1522959,25,8.88
1523096,46,9.0435
1523882,213,9.5117
1524171,17,9.7647
1524526,11,8.9091
1524987,1,8
1525577,32,9.25
1526453,10,9.8
1526552,21,9.3333
1527117,18,9.4444
1527946,57,9.3333
1528337,57,8.3158
1528722,66,9.0303
1528876,7,9.1429
1529320,33,9.2121
1529500,4,9.5
1529884,76,9.3947
1530271,154,9.5455
1530913,52,8.6538
1531410,11,9.4545
1531631,15,9.0667
1532310,3,10
1532367,47,9.3191
1532718,14,9.7143
1533166,6,9.6667
1534103,7,9.7143
1534181,1,10
1534987,90,8.8667
1535617,14,9.1429
1536497,13,9.5385
1537102,5,10
1537830,1,10
1538250,9,9.3333
1538863,13,9.6923
1539576,56,9.2857
1540114,8,8.25
1540425,8,9.5
1540786,4,7
1541730,41,9.2683
1542250,116,9.431
1542251,13,9.3846
1542652,13,9.3846
1542667,8,8.5
1543130,34,8.5294
1543199,16,9.5
1543836,37,9.1892
1543845,15,9.3333
1544791,24,8.9167
1545344,6,9.6667
1545760,110,9.5636
1546247,34,9.0588
1547051,48,9.8333
1547178,50,8.76
1547971,196,9.4796
1548554,60,8.9
1549314,2,10
1549763,93,9.2258
1549847,2,10
1549943,15,7.7333
1550255,12,8.6667
1550998,7,8
1551720,52,9
1552178,6,8.6667
1552616,10,9.4
1553158,16,8.875
1553876,16,8.875
1554531,2,10
1555216,9,9.3333
1556013,18,9.4444
1556504,23,8.5217
1556661,1,6
1557314,33,9.3333
1557820,13,9.5385
1557847,16,9.625
1558529,3,9.3333
1558936,24,8.3333
1559518,3,10
1560169,1,10
1560875,14,7.8571
1561294,12,9.5
1562007,2,10
1562164,7,9.7143
1562701,24,8.8333
1563099,5,8.8
1563416,61,9.2131
1564333,21,9.0476
1565031,15,8.6667
1565667,112,9.2857
1566348,190,8.4316
1566870,47,9.1489
1567172,217,9.2995
1567231,27,9.6296
1567312,36,8.1667
1568020,28,8.9286
1568818,10,9.2
1569734,3,10
1570102,35,9.0286
1570915,41,7.6098
1571446,28,8.2857
1571668,24,8.9167
1572307,10,8.2
1573248,13,8.7692
1573992,28,8.9286
1574534,38,8.5263
1574548,41,9.0244
1575533,13,8.6154
1576300,3,9.3333
1576857,15,8.5333
1576942,25,9.28
1577074,3,9.3333
1578030,5,9.6
1578308,8,8.5
1578743,23,9.2174
1579355,20,8.2
1580030,19,8.7368
1580655,7,7.7143
1581452,13,9.5385
1581933,52,9.1154
1582012,14,9.5714
1582487,36,9.2222
1582755,10,8.6
1583612,15,9.4667
1584000,77,9.1429
1584094,43,9.7209
1584916,27,9.7778
1584972,16,9.375
1585534,16,9.375
1585618,5,8.8
1585757,42,9.5714
1586334,38,8.5263
1586512,8,9.5
1587289,8,9.25
1587318,10,9.2
1588152,6,9
1589010,11,8.5455
1589928,40,9.2
1590828,4,9.5
1590962,8,7.75
1591403,26,8.3846
1592185,34,9.2941
1592585,5,10
1592766,4,9
1592912,34,8.1765
1592991,7,9.7143
1593041,35,9.5429
1594020,7,9.4286
1594514,2,10
1595305,30,8.8
1595939,1,6
1596301,19,9.3684
1596783,68,9.2059
1597651,1,8
1598390,18,9.6667
1598777,22,9.1818
1598962,63,9.4603
1599225,45,8.6222
1600051,9,9.3333
1600223,12,9.8333
1600804,2,10
1600987,19,9.3684
1601008,28,9.2857
1601320,12,8.8333
1601603,12,9.6667
1602384,3,9.3333
1602973,1,10
1603811,82,8.8293
1604219,21,9.5238
1604989,13,8.3077
1605090,30,8.6
1605589,37,8.9189
1605839,55,9.2727
1606484,20,9.2
1606923,31,9.6774
1607429,1,10
1607671,25,8.96
1607852,51,9.2157
1608617,93,9.1828
1609392,34,8.8235
1609517,10,9.4
1609912,12,8.6667
1610801,22,9.1818
1610867,3,9.3333
1610980,17,9.2941
1611671,11,8.5455
1612125,1,10
1612553,1,10
1612907,9,9.3333
1613149,44,8.3636
1613579,41,9.561
1613854,24,9.3333
1614043,26,9.0769
1614071,42,9.1429
1614539,6,9.3333
1615177,190,9.5158
1615874,10,8.8
1616442,21,9.9048
1617260,36,9.6111
1617436,2,9
1617482,5,9.2
1618192,37,9.5676
1618682,54,9.6667
1618726,5,9.2
1619658,39,9.0256
1620318,23,9.2174
1620576,19,9.0526
1621234,91,9.3187
1621646,33,8.8485
1621980,17,8.7059
1622747,32,9.3125
1623440,40,9.55
1624345,13,8.9231
1624452,16,9.25
1624526,13,9.8462
1625102,76,9.3421
1625843,57,9.6491
1626759,11,8.9091
1626903,230,9.1304
1627866,8,8
1628426,8,9.25
1628630,23,8.6087
1629567,7,9.7143
1630499,98,9.1837
1630965,80,9.525
1631851,35,9.2
1632303,15,8.1333
1633174,5,8.8
1633754,12,9.6667
1634480,13,9.5385
1634527,13,9.8462
1634960,47,8.6383
1635675,23,9.913
1636171,92,9.0217
1636573,39,8.7692
1637348,11,9.6364
1638062,18,8.5556
1638869,71,9.2113
1639463,13,9.6923
1639887,5,10
1639988,2,10
1640659,2,8
1640697,25,9.04
1640699,26,9.1538
1640972,80,9.225
1641889,9,8.2222
1642595,2,9
1643568,36,8.9444
1643618,1,8
1644191,4,9
1645046,64,8.2188
1645834,19,9.7895
1646340,35,8.6286
1647187,35,8.2857
1647277,19,9.4737
1647922,6,10
1648416,11,8.9091
1648475,5,9.6
1649107,18,8.7778
1650003,19,8.9474
1650899,48,9.2917
1651169,16,9.375
1651708,30,8.4
1651965,23,9.3043
1652667,22,8.9091
1652750,18,8.8889
1653378,6,9.6667
1654234,2,10
1654826,12,8.5
1654922,26,9.4615
1655531,83,9.1566
1656325,8,8.25
1657209,3,8
1657779,13,8.6154
1658741,5,10
1659319,1,8
1659986,1,8
1660815,3,10
1661123,5,9.6
1661651,21,8.4762
1661761,227,9.5242
1662059,168,9.4762
1662825,130,9.2308
1663646,13,9.2308
1663870,45,9.6444
1664350,23,8.8696
1665000,32,8.6875
1665666,40,8.4
1665899,15,9.7333
1666866,19,9.1579
1667419,5,9.2
1667586,43,9.2558
1667930,10,7.4
1668882,9,8.6667
1669291,23,8.4348
1669625,36,9.2778
1670486,7,9.7143
1671465,13,9.8462
1671818,5,8.8
1671970,72,8.6944
1672802,50,9.24
1673120,28,9.0714
1673742,20,8.9
1673815,9,8.8889
1674335,11,9.4545
1674806,130,9.6154
1674936,58,9.4138
1675253,16,8
1675905,175,9.3486
1676837,232,9.4741
1677685,25,9.52
1677896,1,10
1678888,118,9.4746
1679360,42,8.8571
1679420,63,9.1746
1680076,17,8.5882
1680252,51,8.7059
1680432,3,9.3333
1680968,31,8.3871
1681289,12,9.6667
1681706,1,10
1682009,1,10
1682362,27,9.2593
1683211,8,8.5
1683649,3,10
1684099,27,8.5926
1684459,2,8
1684589,9,9.1111
1685480,9,9.3333
1685489,22,8.9091
1685669,44,8.9545
1686260,46,9.4348
1686764,11,9.4545
1687082,313,9.5527
1687910,21,9.4286
1688316,30,9.2
1689146,10,8.8
1689209,56,9.8214
1689615,37,9.2432
1689782,30,9
1690461,28,9.2857
1690894,1,8
1691700,39,9.7436
1692354,5,9.6
1692512,29,9.4483
1692683,66,9.0303
1692935,150,9.0533
1692989,34,9.6471
1693091,41,9.2683
1693454,29,8.9655
1693615,97,9.0103
1694131,55,9.1273
1694180,7,9.4286
1694554,2,10
1695279,294,9.102
1695878,158,9.3924
1696078,5,9.6
1696364,26,8
1697200,327,9.3639
1697202,46,9.3478
1698166,99,9.5556
1698815,45,9.2889
1699007,5,8.8
1699137,23,9.2174
1699509,10,8.6
1700282,64,9.4375
1700586,5,9.6
1701183,1,8
1701960,28,9.3571
1702526,22,8.9091
1702813,16,6.875
1703034,21,9.1429
1703776,28,9.2857
1703994,20,9
1704630,13,9.0769
1705581,7,9.4286
1706040,35,9.3714
1706067,54,8.2222
1706448,33,9.2727
1706964,22,9.7273
1707266,11,9.4545
1707988,56,9.2857
1708327,11,9.6364
1708628,16,9.375
1709498,63,8.7619
1710208,18,9.3333
1710886,61,9.3115
1711224,23,9.3913
1711225,62,9.4516
1711936,57,9.4737
1712415,40,9.55
1712963,11,8.5455
1713457,10,9.4
1714387,18,9.2222
1714731,102,9.4314
1715008,60,8.7667
1715311,10,9
1715404,6,10
1716120,20,8.1
1716472,26,9.4615
1717057,46,8.8261
1717449,50,8.92
1717465,4,8.5
1717957,29,8.8966
1718885,37,8.5405
1719221,27,9.4074
1719559,15,8.8
1720525,45,8.4444
1720857,5,10
1721766,13,9.3846
1722575,11,9.2727
1722663,6,9
1723228,7,8.8571
1723747,13,9.0769
1723794,6,9.3333
1723951,6,10
1724259,4,9
1725162,15,8.6667
1725981,29,8.3448
1726201,60,9.4
1726756,23,8.1739
1727383,21,7.9048
1727972,18,8.8889
1728434,25,8.72
1728908,14,9.2857
1729232,316,9.1646
1729496,86,8.9535
1730006,214,9.3084
1730182,119,9.4286
1730589,15,9.0667
1731270,74,9.4865
1731468,42,9.3333
1731993,63,9.619
1732726,2,10
1733365,15,9.6
1733765,3,8.6667
1733906,29,8.8276
1734206,30,9.6
1734300,17,8.9412
1735083,16,8.75
1735828,1,10
1736145,17,9.5294
1736728,2,10
1737394,106,8.8491
1737699,55,8.6909
1738544,181,9.3812
1738690,60,9.0667
1739627,13,8.9231
1740231,13,9.3846
1740815,16,9
1741645,65,9.4462
1742397,2,9
1743343,8,8.75
1744232,203,9.4877
1745076,26,7.6923
1745124,68,9.5882
1745932,42,8.6667
1746190,232,9.5172
1746967,19,9.3684
1747742,24,9
1748585,33,8.7879
1749401,67,8.9254
1749759,82,9.5122
1750469,3,10
1750560,29,9.5172
1750582,88,8.8864
1750612,9,8.8889
1751606,10,9
1752487,10,8.8
1752724,7,9.1429
1753090,2,8
1753147,3,6.6667
1754062,4,7
1754708,19,9.1579
1754732,4,7.5
1754771,111,8.8468
1755186,18,9.7778
1755587,11,9.8182
1756163,21,8.5714
1756705,13,9.0769
1756956,7,9.4286
1757760,16,8.75
1758131,8,9.5
1758655,10,8.6
1759585,19,8.9474
1760147,8,5.75
1760942,28,9.2143
1761515,37,9.3514
1762397,13,8.6154
1762904,24,9.25
1763585,74,9.4324
1763704,40,9.55
1764436,86,8.5814
1764918,5,6.4
1765828,2,7
1766461,46,9.5217
1766932,65,9.6
1767052,26,9.0769
1767713,31,8.7742
1767995,10,7.2
1768421,4,9
1768706,11,8.5455
1768911,4,10
1768942,52,8.0385
1768956,64,8.7188
1769204,28,9.6429
1769671,38,8.7368
1769705,225,8.9689
1769937,232,9.319
1770781,128,9.2813
1770993,20,9.5
1771893,9,8.4444
1772024,37,9.4595
1772362,18,8.7778
1773356,222,9.5315
1773535,53,9.6981
1774524,32,8.875
1774617,23,8.9565
1775530,14,9.1429
1776178,26,8.5385
1776214,14,9.2857
1776252,4,9.5
1776280,26,8.5385
1776443,18,9.3333
1777332,25,8.16
1777669,7,9.4286
1778170,2,7
1778815,3,9.3333
1779165,5,9.2
1780063,19,9.2632
1780160,2,10
1780558,18,8.2222
1780765,25,8.24
1780941,18,9.2222
1781081,3,9.3333
1782041,3,10
1782817,5,9.2
1783169,27,8.8148
1783253,9,9.5556
1783282,16,9.375
1783600,62,8.8065
1784020,66,8.7273
1784108,10,8.6
1784519,6,8.3333
1785451,38,8.8947
1785957,31,9.5484
1786174,4,9
1786364,29,9.1724
1786525,18,8.3333
1787191,140,9.0143
1788074,44,8.6364
1788819,83,9.2289
1789149,3,10
1789714,24,9.6667
1790121,10,8
1790955,48,9.5417
1791784,22,9.6364
1792505,18,9.3333
1792993,16,9.375
1793377,177,9.4802
1793868,31,9.2258
1794834,8,10
1795313,37,9.2432
1795593,20,8.8
1796247,8,9.25
1796472,81,9.037
1797023,19,9.4737
1797448,40,9.1
1798127,32,9.375
1798233,38,9.2105
1798888,2,8
1799162,15,8.6667
1799377,22,9.5455
1800249,78,8.5128
1800440,190,9.1053
1800907,56,9.0357
1801547,1,4
1801597,25,9.6
1802453,5,9.2
1803282,2,9
1803860,16,8.75
1804544,12,9.1667
1804642,12,8.3333
1805185,9,8.8889
1805488,112,8.3571
1806296,73,9.6712
1807257,23,8.5217
1808106,49,9.5102
1808470,99,8.8687
1808901,33,8.9697
1809616,53,9.5472
1809964,21,9.2381
1810862,6,10
1811245,15,9.7333
1811845,5,9.2
1812370,81,9.7778
1813344,3,10
1813420,45,9.2889
1814016,35,9.0857
1814462,40,9.6
1815068,41,8.9756
1815839,9,8.8889
1816053,2,8
1816796,45,8.4444
1817073,86,9.3953
1817701,17,10
1818228,48,9.3333
1818424,6,8.6667
1818869,14,8.1429
1819243,41,9.1707
1820237,11,9.4545
1821048,25,8.72
1821110,35,9.3143
1821212,9,9.3333
1821433,9,8.8889
1821702,73,9.726
1821884,1,6
1821947,38,9.3684
1822358,17,9.0588
1822664,43,9.4419
1823130,4,10
1823394,6,9.6667
1824330,49,9.4694
1824914,1,8
1825667,5,8
1826136,105,9.3714
1826926,7,8.8571
1827823,4,10
1828664,16,9.25
1829354,10,8.6
1829992,18,9.5556
1830328,17,8.5882
1831026,140,9.3143
1831657,53,9.283
1831674,35,9.5429
1832038,33,9.5758
1832150,32,9.5
1832209,19,8.9474
1832871,68,8.6765
1832896,79,9.5949
1833819,25,9.28
1833941,33,9.5152
1834223,57,9.7895
1834416,10,9.6
1834911,30,9.6
1835307,19,7.5789
1835732,54,8.963
1836461,23,8.9565
1836919,25,9.2
1837497,4,8.5
1838175,1,10
1838755,5,9.6
1839031,21,8.0952
1839313,29,7.8621
1839582,13,8.9231
1839844,12,8.3333
1840180,12,9.5
1840350,2,10
1840637,57,8.5263
1841367,45,8.7556
1841429,31,9.4839
1841448,23,9.1304
1842150,13,9.5385
1842684,57,9.4737
1842792,18,9.7778
1842923,64,9
1843027,8,8
1844025,47,9.0638
1844408,27,7.4815
1844844,34,9.3529
1845435,19,8.9474
1845636,66,8.7576
1846399,29,8.8276
1846462,25,9.52
1846864,23,9.5652
1847822,19,9.7895
1848727,31,8.8387
1848844,12,9
1849616,5,9.6
1849707,22,7.8182
1849737,91,9.1648
1850708,6,9
1851598,165,9.0788
1852076,25,9.12
1852099,23,8.9565
1852937,10,7.2
1853367,6,7.3333
1853548,1,8
1854157,36,7.9444
1854170,9,10
1854583,9,8.6667
1855564,16,9.625
1855913,6,9.6667
1856513,5,9.6
1856961,4,10
1857455,33,9.5152
1857721,34,9.1176
1858651,192,9.0313
1859039,410,9.1756
1859768,39,9.641
1859884,14,9.5714
1859977,21,7.9048
1860332,4,10
1860491,79,9.1139
1860720,36,8.7222
1861000,24,9.0833
1861964,40,9.1
1862873,1,10
1863819,31,8.8387
1864792,14,9.2857
1865574,1,10
1866411,46,9.5217
1867069,5,9.6
1867652,33,9.0909
1868145,13,9.8462
1869056,71,9.4648
1869517,7,9.1429
1869763,363,9.157
1869940,67,9.4328
1870547,2,8
1871026,68,9.1765
1871370,51,9.2549
1872036,23,9.3913
1872602,94,9.4255
1873222,14,9.1429
1873684,50,9.04
1874176,11,9.6364
1875147,88,9.5
1875650,61,8.8525
1876194,1,8
1876426,19,8.4211
1877137,32,9.625
1877253,7,9.7143
1877861,7,7.7143
1877932,14,8.5714
1878047,13,9.0769
1878529,67,8.7164
1879504,22,9.4545
1880294,81,9.3086
1880626,73,9.3973
1880689,53,9.3208
1881176,83,9.7108
1882156,212,9.4906
1882731,77,9.5065
1883172,17,9.2941
1883531,55,9.5273
1884484,47,9.4468
1885460,12,9.5
1886437,5,9.2
1887219,6,9.6667
1887590,4,10
1888451,1,6
1888892,14,10
1889597,168,9.1667
1890107,19,9.5789
1891015,8,10
1891250,7,9.7143
1892058,17,8
1892192,5,8.4
1892264,12,9.5
1892745,4,9
1893305,39,9.1795
1894232,7,9.7143
1894639,16,8.625
1894935,12,8.8333
1895348,58,9.4828
1895994,18,8.8889
1896772,68,9.1765
1896920,50,9.32
1897655,61,9.1475
1898573,1,10
1899408,2,9
1899687,39,8.5128
1900480,12,8.8333
1901073,15,8.5333
1901762,36,9.3333
1902682,6,6.3333
1903665,6,9.3333
1904034,1,10
1904556,36,9
1904669,34,8.6471
1905333,5,8.8
1905844,70,8.9429
1906757,24,9.5
1907323,4,8
1907754,4,10
1908561,24,9
1909065,47,8.8085
1909655,2,10
1910191,8,9.25
1910722,7,10
1911182,16,8.75
1911384,8,6.75
1911737,34,9.5294
1912012,45,9.0667
1912383,16,8.75
1913010,133,9.2632
1913039,21,8.9524
1913402,5,8.4
1913424,32,9.125
1913825,8,8.25
1914359,10,9.8
1915220,23,8.1739
1916198,32,9.5
1916904,59,9.3898
1917409,34,8.8235
1917842,19,9.5789
1918309,22,9.2727
1918620,17,9.4118
1918627,12,9.3333
1918815,37,9.2432
1919019,58,9.3448
1919823,8,9.75
1919919,8,8.5
1920477,274,9.0657
1921152,7,8
1922124,13,9.0769
1922553,16,8.875
1922958,17,9.1765
1923283,10,7.8
1924050,45,9.2
1924247,61,8.7213
1924290,1,6
1924967,1,6
1925179,25,9.36
1925838,44,9.6818
1926168,2,8
1927068,4,9.5
1927996,4,8.5
1928244,3,8.6667
1928796,85,9.4118
1929594,35,8.4571
1930368,27,8.7407
1930948,11,9.2727
1931380,12,9.3333
1931852,27,8.5185
1932569,13,8.6154
1933100,5,6.8
1933787,14,9
1934214,45,8.6667
1934274,18,9.1111
1934641,13,8.9231
1935285,4,10
1935592,22,9
1935762,5,8.8
1936454,36,9.3333
1936497,13,8.6154
1937078,9,7.7778
1937688,38,9.3158
1938068,1,6
1938670,14,9.8571
1939556,25,8.4
1939748,26,9.3846
1939936,65,9.3846
1940255,65,8.8615
1940267,30,9.5333
1940985,114,9.6667
1941671,42,9.1429
1941937,15,8.4
1942030,1,10
1942313,39,8.9744
1942939,10,8
1943496,35,8.4571
1944337,40,9
1944753,26,9.6923
1945610,9,9.7778
1946466,25,9.04
1947410,29,9.1034
1947653,1,10
1948542,22,9.1818
1949394,238,9.3613
1950240,34,8.9412
1950621,21,8.6667
1951168,23,8.3478
1951265,43,9.5349
1952073,3,10
1952622,46,9.1739
1952854,14,9.1429
1953205,7,9.1429
1953967,10,8.6
1954806,147,9.5918
1954824,23,9.3913
1955352,15,9.2
1955429,12,8.8333
1955887,27,8.6667
1955988,25,9.12
1956527,172,9.593
1956818,30,9.8
1957774,28,9.2857
1958416,10,8.6
1959063,11,9.4545
1959853,3,9.3333
1959943,65,8.5538
1960337,8,9.25
1960387,9,9.1111
1961311,89,9.5281
1962198,240,9.35
1962680,12,8.6667
1963564,30,9.1333
1964198,31,8.7742
1964998,1,8
1965279,3,10
1965742,22,9
1966301,8,10
1966903,2,8
1967750,94,8.0638
1967775,46,8.9565
1968677,75,9.1733
1969604,46,9.6087
1970298,8,9.5
1970694,9,9.1111
1971103,44,9.4545
1971222,45,8.4889
1971393,14,9.2857
1971894,11,9.2727
1972825,5,10
1972833,16,9.125
1973037,56,8.9286
1973331,12,8.8333
1973664,43,9.2558
1974220,36,9.7222
1974837,3,9.3333
1975821,6,8.3333
1976130,65,8.6769
1976612,18,9.3333
1977540,24,8.9167
1978193,27,9.2593
1978905,21,9.3333
1979533,28,9.2857
1979590,68,9.5882
1979624,57,9.5088
1980086,81,9.4815
1980383,7,9.4286
1981289,41,9.0732
1981558,11,9.4545
1981995,26,9.3846
1982031,9,8.8889
1982555,35,9.6
1982685,3,9.3333
1982904,228,9.4474
1983338,18,9.5556
1983744,57,8.4561
1984705,32,9.125
1985339,21,9.1429
1986190,8,7.75
1986895,18,9.6667
1986986,28,9.1429
1987884,60,9.3
1988709,23,8.4348
1988815,31,8.5806
1989763,14,9.1429
1989948,73,9.5616
1990624,26,9.5385
1991314,61,8.918
1991804,11,8.1818
1992563,28,8.9286
1992625,221,8.724
1993236,38,9.1053
1994009,25,9.12
1994527,8,9.25
1994978,7,7.7143
1995373,30,7.4667
1996076,4,9.5
1996278,23,7.913
1996590,138,8.5942
1996785,13,8.9231
1997699,16,9.375
1998313,1,8
1998748,10,9.2
1999684,3,9.3333
1999720,2,10
2000583,1,8
2001228,16,8.875
2001712,2,9
2002292,8,9.25
2003146,4,8.5
2003299,21,8.4762
2003418,2,9
2004088,3,8
2004376,72,9.5
2004607,7,9.4286
2004696,3,10
2005193,3,9.3333
2005622,23,9.1304
2005822,23,8.6957
2006660,11,10
2007230,10,8.6
2007354,6,8
2008057,10,9.6
2008978,14,7.2857
2009786,9,9.7778
2010519,2,10
2010548,5,9.6
2011086,6,9.3333
2011987,45,9.1556
2012443,2,10
2012840,15,9.4667
2013288,9,9.7778
2014078,15,8
2014299,29,8.1379
2014707,14,9.2857
2014771,6,9.6667
2015751,29,8.8276
2015822,9,8
2015956,21,9.4286
2016734,17,8.8235
2017343,1,10
2017483,12,8.8333
2018456,1,8
2018882,3,6
2019188,1,10
2019803,14,9.1429
2020493,3,6.6667
2021170,1,10
2021539,3,9.3333
2021815,26,8.6154
2022354,2,6
2022567,3,8
2023012,1,6
2023661,6,9
2023981,1,10
2024355,2,7
2024383,1,10
2024903,6,8
2025428,10,9.8
2026327,14,8.8571
2027145,16,9
2027882,1,6
2027980,25,9.04
2028346,33,9.0909
2029039,16,8.5
2029824,1,10
2030316,6,9
2031136,9,7.5556
2032064,3,10
2032077,1,8
2032140,15,9.7333
2032266,1,8
2033003,6,8.6667
2033686,17,9.6471
2033787,3,8.6667
2034407,21,9.4286
2034791,10,8.8
2035790,49,9.102
2035946,2,10
2036336,8,9.75
2036606,10,8.6
2036807,11,7.8182
2037685,7,9.4286
2038622,3,8
2039074,9,8.6667
2039249,3,10
2039930,4,7.5
2040308,2,9
2040702,5,9.2
2040862,15,7.2
2041139,3,9.3333
2041194,7,10
2041199,4,10
2041383,11,8.5455
2041867,7,8.8571
2042197,5,10
2043102,6,8
2043935,6,9.6667
2044604,4,7
2044701,45,9.7333
2044810,1,10
2045492,17,9.2941
2046224,50,8.56
2046641,8,9.25
2046717,1,10
2047325,18,8.8889
2047735,2,4
2048018,9,9.1111
2048552,2,10
2048756,3,7.3333
2048786,4,8.5
2048890,1,10
2048938,2,8
2049439,6,8.6667
2049728,17,7.8824
2050696,1,10
2051413,48,9.6667
2051998,3,10
2052790,15,8.2667
2053422,1,8
2053531,14,9.2857
2054031,1,10
2054381,3,9.3333
2054797,5,9.6
2055795,17,8.7059
2056551,1,10
2057094,1,6
2057531,8,9.25
2057975,59,9.2203
2058499,40,9.4
2059409,11,7.6364
2060009,11,9.2727
2060880,11,9.8182
2061736,2,10
2062332,8,8.75
2063202,100,9.4
2063849,18,9.1111
2064239,17,9.6471
2064568,65,9.6
2065252,4,8.5
2065635,2,8
2066274,10,8.8
2066755,5,9.6
2066803,5,8.8
2067504,7,8.5714
2068463,4,9.5
2068650,5,9.2
2069605,8,9.25
2070461,5,10
2070743,7,9.1429
2070968,12,7
2071030,11,9.2727
2071468,2,10
2071488,2,7
2071821,2,10
2072280,2,8
2073013,40,9.15
2073279,5,9.6
2073373,4,8.5
2073553,16,9.375
2074214,21,9.5238
2075081,1,8
2075137,56,8.9643
2075370,4,9
2075572,8,9.25
2076178,12,10
2076266,2,7
2076492,9,9.1111
2077141,43,9.6744
2078072,1,10
2079032,12,9.1667
2080019,3,10
2080312,63,9.5556
2080447,22,9.5455
2081161,5,8.8
2081282,7,7.4286
2082039,5,9.2
2082667,10,9.6
2083361,12,7.8333
2083596,4,9.5
2083642,7,9.1429
2084326,2,10
2085253,19,9.3684
2086116,7,8.2857
2086169,2,8
2086426,15,9.3333
2086931,16,8.625
2087286,30,8.6
2087473,4,9
2088124,7,9.4286
2088432,8,9.5
2088804,14,9.8571
2089475,9,7.5556
2089809,4,9
2090210,6,9.6667
2090448,3,8
2090774,6,7.3333
2090997,10,8.8
2091409,2,10
2092189,6,9.3333
2092301,17,8.7059
2093266,3,9.3333
2093460,8,9.75
2094264,3,9.3333
2094768,8,8.75
2095467,14,9.4286
2096293,10,9.2
2097059,1,10
2097490,6,9.3333
2097937,9,9.7778
2098200,64,8.7188
2098918,7,8.8571
2099557,1,10
2100530,4,9.5
2101150,13,9.3846
2101354,8,8
2102076,1,8
2102573,4,9.5
2103443,1,10
2104233,18,8.4444
2104374,5,8
2105217,2,9
2105775,2,9
2106253,1,10
2107118,4,8.5
2107392,32,9.4375
2107747,11,7.6364
2108705,1,10
2108949,13,8
2109550,2,10
2109871,46,8.6087
2110410,7,9.7143
2110768,3,8
2110905,6,9.6667
2111812,4,8.5
2111962,14,9.5714
2112375,2,10
2113128,2,9
2113404,7,9.7143
2113495,5,9.6
2113614,5,9.6
2114572,14,8
2115021,5,8
2115577,1,10
2115784,17,9.2941
2116359,3,10
2116942,3,10
2117415,11,9.6364
2117425,2,7
2117653,3,9.3333
2117864,14,7.8571
2118153,1,10
2118219,8,9.75
2118265,6,8.3333
2118799,4,6.5
2119766,26,9.3846
2120351,12,9.1667
2120468,36,8.5556
2120713,10,9.4
2121216,2,9
2121258,1,10
2121378,19,8.7368
2122305,29,9.3103
2122960,10,10
2123850,11,9.6364
2124631,7,9.4286
2125454,2,10
2125959,44,9.2727
2125981,6,9.3333
2126196,23,8.6087
2126992,12,9.3333
2127264,15,9.0667
2127864,3,8
2128766,8,8.25
2129553,20,9.2
2130194,18,9.1111
2130962,25,9.12
2131297,8,9.75
2131449,26,9.5385
2131950,8,9.5
2132117,13,9.2308
2132190,14,7.8571
2132777,2,10
2133716,3,6
2134149,4,8.5
2134749,6,7.6667
2134815,5,9.6
2135183,6,10
2135637,19,7.7895
2135899,16,9.375
2136250,3,8.6667
2136822,8,8.5
2137252,11,8
2138228,3,9.3333
2139139,1,4
2140050,21,8.9524
2140811,18,8.8889
2141414,55,8.7273
2141839,13,9.6923
2141914,12,8.8333
2142707,5,6.8
2142961,3,9.3333
2143038,1,8
2143536,1,6
2143679,5,8
2144231,10,8.8
2144424,18,8
2145129,13,9.8462
2145316,4,7.5
2145486,8,8.5
2145536,2,10
2146328,26,8.1538
2147316,9,9.7778
2147735,1,8
2148058,4,9
2148471,31,8.1935
2149337,4,9
2150289,21,8.9524
2150654,1,6
2150854,30,9.2
2151449,9,8.8889
2151515,33,9.2727
2152395,4,10
2152924,6,9.3333
2153251,4,8
2154123,18,9.1111
2155094,202,8.9406
2156034,10,8.6
2156686,12,8.3333
2157651,4,10
2157942,10,8.8
2158338,4,9
2158754,24,9.5
2159129,5,6.8
2159181,1,10
2160087,58,8.1379
2160645,6,7.3333
2161642,13,9.5385
2162345,6,9
2162634,6,8.6667
2162871,3,9.3333
2163773,46,8.8696
2163810,6,8.3333
2164018,20,8.2
2164145,4,8
2164765,12,9.8333
2165370,1,8
2165504,4,9.5
2165820,5,8.8
2166320,3,9.3333
2167312,1,10
2168246,3,8
2168553,15,9.3333
2168764,20,8.8
2169581,7,8.2857
2170535,1,6
2170597,1,10
2170798,1,10
2171304,18,7.5556
2171671,14,8.5714
2172493,4,8.5
2173369,6,8.3333
2173711,2,10
2174236,15,9.4667
2174400,8,8.5
2174465,4,10
2175054,12,9.1667
2175805,10,8.8
2176597,7,8.2857
2177538,5,7.2
2178405,2,10
2179097,1,10
2179263,6,9
2179834,4,8.5
2180111,1,4
2180197,38,8.8421
2180950,7,9.4286
2181896,7,9.4286
2182095,4,8
2182752,4,9.5
2182859,16,9
2183771,2,10
2184285,5,8.4
2184409,2,9
2185289,13,9.5385
2185654,3,9.3333
2186524,18,7
2187037,2,10
2187141,2,9
2187458,5,9.6
2188094,10,9
2188431,8,8.25
2188435,1,10
2189411,7,9.4286
2189456,3,10
2189721,3,10
2190326,27,8.5926
2191081,1,10
2191469,13,8.9231
2192234,30,9.3333
2192590,15,9.6
2193444,3,9.3333
2193467,4,9.5
2193611,6,8.3333
2193759,15,8.9333
2194625,5,8.8
2195049,14,7
2195317,17,8.9412
2196262,5,9.2
2196467,16,8
2197012,4,8.5
2197525,4,10
2197725,14,7.4286
2198677,3,10
2198972,14,7.7143
2199715,7,8.2857
2200369,5,8.4
2201296,5,9.6
2201631,53,9.3208
2201799,11,8.1818
2202458,9,8.2222
2203043,29,9.1724
2203965,1,10
2204233,24,8.8333
2204947,7,10
2205544,8,7.25
2205897,13,8.3077
2206746,10,8
2207424,13,8.4615
2208186,6,9
2208245,7,8.8571
2208540,2,8
2209432,23,9.6522
2210199,5,9.2
2210425,12,9
2211192,3,9.3333
2211789,23,8.7826
2212372,2,10
2213342,1,10
2213992,19,8.9474
2214433,10,9
2214689,9,9.5556
2215258,6,9.6667
2215751,25,9.44
2215805,44,9.1818
2216225,25,8.24
2216229,7,8.8571
2216575,10,8.4
2217216,18,9.4444
2218157,5,8.4
2218761,1,8
2219717,2,10
2220715,4,9.5
2221349,10,9
2222184,14,9.4286
2222459,5,8.8
2223379,5,9.6
2223739,5,9.2
2224229,1,8
2224537,4,8
2224658,8,9.25
2224766,6,9.3333
2225639,2,10
2225950,11,9.0909
2226744,12,9.1667
2227585,8,8
2228385,12,9.3333
2228408,29,9.3793
2229148,11,7.8182
2229395,15,8.2667
2230057,12,9.3333
2230386,1,8
2231291,6,9.3333
2231364,41,8.7805
2231774,5,8.4
2232451,7,8.8571
2233134,14,9
2233462,10,9.4
2233916,10,8.2
2234578,15,9.4667
2235312,26,9.6923
2235993,6,9
2236220,12,8.1667
2236784,4,10
2236896,36,8.6667
2237227,6,6
2238060,21,8.6667
2238169,5,9.2
2238930,4,9.5
2239063,14,8.1429
2239187,12,9.5
2239596,49,8.8163
2239701,19,9.4737
2240411,12,7.6667
2240446,5,7.6
2241310,12,8.6667
2241963,1,10
2242715,2,10
2243662,4,10
2244325,10,8.8
2245184,15,8.2667
2245994,30,8.6667
2246490,5,8
2246892,4,9.5
2247120,4,9
2248056,4,7
2248191,45,9.1556
2249133,14,9.1429
2249807,8,9
2250584,43,8.6512
2250612,3,9.3333
2251576,3,9.3333
2251739,26,9.1538
2252462,7,7.7143
2252812,44,9.0909
2253252,21,8.0952
2254041,39,8.359
2254449,6,9.6667
2255218,25,9.52
2256148,8,8.5
2256307,2,8
2256658,20,8.2
2256961,1,6
2257456,32,9.375
2258289,6,7.3333
2259054,4,10
2259180,3,9.3333
2259753,4,9
2260466,28,8.5
2260553,2,9
2260645,4,9.5
2261101,4,10
2261828,90,8.5333
2262637,36,8.9444
2263252,14,9.4286
2263480,5,10
2263613,1,10
2264245,30,8.9333
2265047,4,9.5
2265088,11,8.9091
2265354,1,8
2266220,22,9.2727
2266600,24,9.3333
2267346,24,9.0833
2267668,11,9.0909
2268614,10,8.8
2268666,17,7.4118
2269659,30,8.8
2270513,7,9.7143
2271345,6,9.3333
2272046,7,9.1429
2272458,9,9.7778
2273244,26,9.0769
2273401,3,6
2273596,34,9
2273798,34,9.0588
2273951,25,8.08
2274466,1,8
2274956,8,8.5
2275436,8,8.75
2275614,9,8.6667
2275989,1,10
2276741,3,10
2277208,3,8.6667
2277900,3,9.3333
2278433,5,7.6
2279061,8,8.25
2279234,5,10
2279954,6,9.6667
2279989,1,4
2280839,58,8.5517
2281299,27,9.7037
2281848,50,9.2
2281956,9,9.5556
2282065,14,8.4286
2282414,2,10
2283350,10,9.8
2283645,6,8.6667
2284114,3,8.6667
2284633,1,10
2284954,5,9.2
2284955,5,9.6
2285240,8,8.75
2285348,3,10
2285376,3,9.3333
2285849,4,10
2286272,3,8
2286628,24,9.0833
2287562,7,9.1429
2287847,2,8
2287853,1,10
2288137,5,9.6
2288337,6,9.3333
2289206,7,9.1429
2290159,6,8.6667
2290397,3,9.3333
2290630,4,7.5
2290809,24,9.25
2291737,36,9.4444
2292386,4,7.5
2292484,5,8.4
2292972,6,9
2293670,9,8.8889
2294030,9,9.5556
2294064,1,10
2294797,6,9
2294962,8,9.5
2295650,5,8.4
2295738,12,9.3333
2295819,1,10
2296481,19,8.3158
2297075,4,9.5
2297801,3,9.3333
2298403,9,9.1111
2298895,17,9.2941
2299144,12,9.3333
2300010,8,8.75
2300714,2,8
2300784,5,7.2
2300991,7,9.1429
2301588,6,10
2301668,5,9.2
2302284,1,10
2303128,4,9.5
2303244,1,10
2303762,50,9.44
2303880,63,8.6984
2304033,4,9
2304087,3,6.6667
2304266,6,7.3333
2304490,5,10
2305405,16,9.5
2305765,3,8
2305964,7,8.5714
2306056,2,10
2306959,5,6.4
2307487,1,8
2307629,6,9.6667
2308408,6,8.6667
2309132,19,8.4211
2309739,1,8
2309796,12,9.8333
2310731,31,9.2258
2310753,58,9.1724
2311418,1,4
2311419,9,9.5556
2312066,14,9
2312662,4,9.5
2313466,4,10
2314085,3,9.3333
2314460,12,9.6667
2314506,5,9.2
2315001,34,9.5882
2315179,2,10
2316070,18,9.4444
2316191,13,9.3846
2316941,5,9.2
2317885,5,8.8
2318669,6,9
2318793,19,8.1053
2319586,21,9.3333
2320553,6,9
2321411,16,8.125
2321439,4,8.5
2321929,4,10
2322324,4,9.5
2322467,7,9.7143
2322793,12,6.8333
2323785,1,10
2324616,8,7.5
2324647,4,9.5
2325393,6,7
2326124,15,8.5333
2327027,13,9.0769
2327117,10,8.4
2327768,2,7
2328586,8,10
2328827,27,9.1111
2329297,5,8.8
2329420,4,8
2329479,35,8.5714
2329558,1,10
2330296,20,9.7
2330380,11,7.8182
2330980,11,9.2727
2331652,26,9
2332222,2,10
2332476,9,8.6667
2333126,22,8.9091
2333166,5,9.2
2333654,4,10
2333747,4,8.5
2334268,6,7.3333
2334566,13,9.3846
2334570,38,8.7368
2335407,3,8.6667
2336302,1,10
2336886,1,8
2337484,9,9.3333
2337876,87,9.5172
2338852,2,10
2339359,19,8.9474
2339613,28,9.2143
2340200,20,8.8
2340996,86,8.7907
2341911,7,7.7143
2342226,12,9.6667
2342266,2,10
2342335,8,9.5
2343038,2,8
2343054,54,9.5556
2343090,39,8.1538
2343376,10,10
2344108,7,9.1429
2344459,4,8.5
2344945,6,9.6667
2345674,31,8.7742
2346359,6,8
2346660,4,9
2347117,5,9.6
2347208,19,8.9474
2347853,8,8.75
2347929,8,9.5
2348346,15,9.0667
2349159,4,9
2349556,12,9
2350063,1,10
2350843,3,10
2351339,17,8.3529
2352295,1,8
2352435,1,10
2353185,6,9.3333
2354093,31,9.3548
2354652,28,9
2355629,8,8.75
2355751,5,10
2356401,21,9.3333
2357352,4,9
2357523,14,8.8571
2357947,9,9.7778
2358935,19,8.3158
2359162,4,9
2359988,3,8.6667
2360471,17,8.7059
2360603,14,9.2857
2361420,1,10
2361880,4,8.5
2362525,29,9.2414
2362581,3,10
2363105,4,9
2363191,22,9.0909
2363816,10,9.4
2364723,12,9.1667
2365085,13,9.0769
2365898,7,9.1429
2366148,52,8.7308
2366355,72,8.8333
2366573,6,9.6667
2367436,2,9
2367913,8,10
2368838,8,9.75
2369804,7,9.1429
2370109,6,8.6667
2370908,1,4
2371770,1,10
2372553,3,9.3333
2373157,6,9.3333
2373592,16,9
2374314,12,8.5
2374957,1,10
2375743,3,10
2375866,21,8.4762
2376757,12,8.6667
2377335,7,9.1429
2377735,8,10
2377849,5,10
2378271,12,9.6667
2379195,3,9.3333
2379432,6,9.3333
2379488,53,8.8679
2379658,9,10
2380117,3,9.3333
2380793,3,9.3333
2381464,9,7.3333
2382109,28,8.4286
2382861,2,9
2383295,3,10
2383976,9,7.7778
2384887,7,9.1429
2385156,1,6
2385167,3,10
2385195,1,10
2385710,2,9
2385914,10,8.6
2386057,7,7.7143
2386551,1,10
2386906,1,10
2387381,7,10
2388023,8,9.5
2388385,7,8.8571
2389184,7,9.4286
2389457,15,8.5333
2390187,9,9.3333
2390516,7,8.8571
2391077,4,9.5
2391844,4,9.5
2391860,3,8
2392287,23,9.7391
2392467,6,8.3333
2393071,12,9.3333
2393569,16,9.375
2394408,2,7
2395389,1,10
2396177,49,9.4694
2396750,139,9.3813
2396986,10,9.6
2397764,2,8
2397911,10,9.8
2398521,16,8.5
2399391,2,10
2399913,1,10
2400816,12,9.1667
2400845,1,8
2401751,11,8.9091
2402529,7,9.1429
2403142,21,9.0476
2403303,16,9
2403738,1,2
2404693,13,9.0769
2405283,13,9.5385
2406172,38,8.4211
2406399,23,9.4783
2407112,5,8
2408077,29,9.3103
2409071,2,9
2409102,13,8.7692
2409757,1,10
2409928,1,8
2410432,18,8.3333
2410627,10,9
2411425,18,8.4444
2411704,20,9.1
2411964,2,9
2412294,12,7.6667
2412589,29,8.2759
2413111,10,8.4
2414102,9,9.5556
2414738,10,9.4
2415018,3,10
2415424,4,9
2415876,4,9
2416382,3,8.6667
2417217,10,9.4
2417674,37,8.4324
2418158,1,6
2418539,7,8.8571
2419004,7,9.4286
2419758,20,7.7
2420068,2,9
2420099,3,9.3333
2420222,7,7.7143
2420796,26,9.1538
2420901,10,8.8
2421831,7,8.2857
2422435,3,7.3333
2423389,4,9
2423934,12,8
2424516,2,4
2424628,17,8.4706
2424870,5,8
2424875,4,10
2425790,4,9.5
2426137,37,8.7027
2427015,2,8
2427525,6,8
2427891,9,9.1111
2428645,11,9.2727
2429104,15,8
2429745,42,9.7143
2430068,13,9.6923
2430661,5,8.8
2431119,9,9.1111
2431539,5,9.6
2431951,27,8.7407
2432534,21,9.3333
2432743,1,10
2432860,6,9.3333
2433401,8,9.5
2434104,17,8.4706
2435040,6,9.6667
2435754,1,8
2436170,4,7
2436969,5,8.8
2437099,1,10
2437618,11,9.0909
2438408,16,8
2439344,9,9.1111
2439558,3,8.6667
2440064,16,8.625
2440235,22,9.2727
2440416,4,9
2440850,11,8.9091
2440914,2,6
2441719,21,9.7143
2442472,8,9.25
2442752,1,10
2443419,14,7.7143
2443818,39,8.4103
2444237,15,8.6667
2444431,4,9
2444721,78,9.3077
2445075,19,8.9474
2445656,16,9.625
2445683,4,9
2446306,4,10
2446380,1,10
2446725,4,10
2447586,6,9.3333
2448232,2,9
2448969,4,8.5
2448990,3,10
2449780,3,7.3333
2450451,6,9.6667
2451076,6,9.3333
2451150,4,8.5
2451516,1,8
2452390,12,9.6667
2452616,17,9.2941
2453339,7,9.1429
2453864,11,9.4545
2454338,11,9.4545
2454397,4,10
2455273,4,8
2455807,1,10
2456539,6,9.6667
2456857,32,8
2457608,12,9.3333
2458366,7,9.7143
2458965,1,10
2459331,25,9.76
2459885,32,8.0625
2460620,18,9.4444
2460689,5,8.8
2460736,31,8.0645
2461058,21,8.9524
2461938,9,9.1111
2462555,3,10
2463317,196,9.2551
2464025,19,8.3158
2464257,19,8.5263
2464448,1,10
2464793,6,8.6667
2465306,8,9.25
2465789,6,8
2465812,33,9.0909
2465813,42,9.2381
2465859,1,10
2466048,4,10
2466737,7,9.1429
2467523,8,9.75
2468077,20,8.8
2468762,5,9.2
2468805,45,6.9778
2469131,5,8.8
2469789,17,9.2941
2470762,3,8.6667
2471225,2,8
2471570,4,8
2472076,9,8.8889
2472673,2,10
2473413,9,9.1111
2473429,4,8
2474191,3,6.6667
2475039,4,9.5
2475133,7,8.5714
2475563,9,8.4444
2475653,3,10
2475963,24,7.5833
2476239,26,9.3846
2476462,3,8
2476569,5,10
2477276,29,8.9655
2477345,6,8.3333
2477847,13,8.9231
2478188,19,9.3684
2478494,23,7.5652
2478626,15,8.8
2479026,2,8
2479556,7,10
2480376,1,8
2481108,29,9.1724
2481749,2,10
2482633,20,9.5
2483440,6,9
2484216,14,8.1429
2484886,5,8.8
2484937,9,9.5556
2485099,8,8.25
2485832,3,10
2486388,4,9
2486625,5,10
2486649,7,9.4286
2487289,1,8
2487984,28,8.7857
2488048,44,9.2727
2488571,3,7.3333
2488734,6,10
2489222,1,10
2489833,6,6.3333
2490203,9,8.2222
2490518,15,8.1333
2490736,3,7.3333
2491074,1,6
2491997,9,8.6667
2492236,36,8.3889
2493150,38,8.1579
2493982,8,9.75
2494122,1,6
2494511,9,9.5556
2494898,65,9.1385
2495121,18,9.5556
2495930,4,9
2496221,5,10
2496394,7,8.5714
2496623,2,10
2497550,12,8.8333
2498084,3,8
2498786,1,10
2499759,12,8.6667
2500446,2,10
2500749,3,10
2501032,4,9.5
2501372,5,9.2
2502074,10,8.8
2502406,7,10
2502603,1,10
2503184,6,9.6667
2503472,15,8.1333
2504058,2,9
2504168,3,7.3333
2504698,4,9
2505322,2,9
2505335,21,9.4286
2505803,23,9.5652
2506121,8,8
2506779,6,9.6667
2506884,1,6
2506903,9,8.8889
2507748,4,9.5
2508055,1,10
2508510,16,9.75
2509134,1,10
2509573,9,8.8889
2509670,3,10
2509818,14,9.4286
2510283,20,8.7
2510533,6,9
2510824,1,8
2511676,26,9.3846
2512443,1,8
2513391,1,8
2514175,3,8
2515087,1,10
2515750,2,9
2516218,23,8
2516970,1,10
2517143,9,9.7778
2517843,5,8
2517880,16,9.25
2518576,8,8.5
2519479,4,9
2519726,2,6
2520148,11,9.6364
2520466,41,9.122
2521310,44,9.0455
2521411,4,9
2522228,8,9.25
2522622,19,8.4211
2523521,4,8
2524165,2,9
2524821,17,8.5882
2525612,29,9.5172
2525650,14,8.8571
2526108,11,9.0909
2526611,10,9.2
2526819,4,8.5
2527457,6,9.6667
2527752,1,10
2528640,3,9.3333
2529552,17,9.5294
2529948,81,9.4074
2530612,60,9.1333
2531493,84,9.0476
2531779,48,9.25
2532470,13,9.2308
2533108,4,9
2533323,2,10
2534083,1,10
2534110,5,8
2534425,3,10
2535060,4,9
2535427,8,10
2535883,12,8.5
2536470,6,10
2536616,2,9
2537366,15,9.7333
2537804,18,9.5556
2538397,3,8
2539211,13,8.7692
2539585,2,10
2539720,1,6
2540169,10,9
2541115,8,9.5
2541502,1,8
2541835,7,9.4286
2542285,5,8.4
2543153,2,9
2543997,19,9.0526
2544575,9,9.1111
2544765,4,7
2545054,2,10
2545378,4,10
2546173,28,8.2143
2546911,29,9.8621
2547126,2,9
2548121,27,8.3704
2548337,12,9.8333
2548361,2,10
2548391,2,10
2548996,3,8
2549740,18,8.6667
2550438,8,9.25
2550895,8,9.5
2551780,7,7.7143
2552714,35,9.2571
2553295,66,8.8788
2553766,6,9.3333
2554446,1,8
2554509,4,9.5
2554847,15,9.2
2555037,4,10
2555342,4,9.5
2555454,4,9.5
2556160,10,8.8
2557055,27,8.8889
2557151,5,8
2557984,8,8.5
2558678,4,8.5
2559060,16,9.125
2559426,5,7.2
2559484,32,8.75
2560442,23,8.6957
2560627,8,8.5
2560917,6,9.6667
2561746,7,7.7143
2562266,3,9.3333
2562575,11,7.0909
2563106,16,9.5
2563646,8,9
2564045,2,10
2564492,12,8.3333
2564595,8,9.5
2565135,123,8.9268
2566009,10,8.8
2566412,20,9.1
2566600,14,9.2857
2566679,12,8.6667
2566975,14,9
2567610,12,8.8333
2568585,1,8
2569151,39,9.2821
2569978,5,9.6
2570553,11,9.2727
2571458,13,8.9231
2571531,2,8
2571763,2,10
2572171,11,8.7273
2572507,4,8
2572543,6,8.6667
2573155,25,8.96
2573595,3,10
2574541,9,9.1111
2574712,7,8.5714
2575124,12,9
2576063,4,10
2576099,20,9
2576170,3,9.3333
2576388,8,8.5
2577018,28,8.2143
2577550,35,8.9143
2578061,23,8.6957
2578545,19,9.1579
2578790,11,9.8182
2579422,65,9.1385
2579463,7,8.2857
2580439,5,9.6
2581384,27,8.8148
2582233,8,9
2582240,1,10
2582826,6,8.3333
2583485,14,9.5714
2583625,6,9
2583946,3,8.6667
2584153,3,9.3333
2585116,9,8.8889
2585912,1,10
2586147,19,9.0526
2586703,101,8.4158
2587162,3,7.3333
2587651,13,8.4615
2588581,2,8
2588614,6,9
2588782,12,9
2589683,15,9.4667
2590191,68,9.2059
2590650,28,8.4286
2591471,1,10
2591734,5,8.8
2591874,10,9.4
2592307,13,9.2308
2592943,14,9
2593224,5,9.6
2593622,3,9.3333
2594437,4,10
2595236,11,9.8182
2595491,56,9.3214
2595752,51,9.4902
2595829,29,8.8276
2596674,52,9.2692
2597112,4,10
2597516,15,9.4667
2597967,3,8.6667
2598285,1,10
2598762,3,8
2598866,5,8.8
2598896,12,8.1667
2599464,34,8.7059
2599988,9,8.6667
2600517,1,8
2600623,8,8.75
2601354,4,8.5
2602273,9,8.8889
2603249,7,8
2603666,5,8
2603758,7,8
2603909,12,7.1667
2604112,3,6.6667
2604152,3,9.3333
2604602,5,9.6
2605192,27,9.4074
2605640,18,9.2222
2606386,28,9.0714
2607121,4,10
2607683,3,9.3333
2608150,9,8.8889
2608964,3,6
2609834,26,7.5385
2610728,9,10
2611304,2,9
2611913,2,10
2612126,5,9.2
2612706,13,8.4615
2612985,2,10
2613877,4,9
2613946,8,7.75
2614309,5,7.6
2614812,4,9.5
2615236,5,8.4
2615262,3,9.3333
2616173,2,8
2616422,3,10
2617153,2,8
2618083,9,7.7778
2619062,28,9.2857
2619404,2,7
2620174,1,8
2620667,86,9.3953
2621527,3,9.3333
2622144,7,9.1429
2622193,13,9.2308
2622455,4,9
2622679,20,9.2
2622849,4,8.5
2623770,19,8.7368
2623904,21,7.8095
2624292,4,8.5
2625237,1,10
2625439,9,8.2222
2625924,26,9.3077
2626811,29,6.8966
2626858,2,10
2627277,9,9.3333
2627964,5,9.6
2628747,43,9.3953
2629462,6,9.3333
2630030,1,8
2630407,5,8.4
2631147,9,8.8889
2632105,12,8.6667
2632929,1,4
2632939,1,8
2633784,4,7
2634483,14,8.2857
2635003,5,7.2
2635020,25,9.2
2635028,3,7.3333
2635662,10,9.2
2636291,52,8.8077
2637067,4,9
2637649,3,9.3333
2637703,17,9.4118
2638609,6,8.6667
2639042,12,9
2639685,3,8.6667
2640381,7,8.8571
2641318,6,8.6667
2641483,34,9.2941
2642071,15,8.9333
2642307,32,9.3125
2643283,6,8.3333
2643725,2,9
2644247,2,4
2644369,3,8.6667
2644916,6,9.6667
2645343,19,9.6842
2646149,39,8.5641
2647046,19,8.2105
2647959,4,7.5
2648358,4,9.5
2648913,10,8.6
2649155,2,8
2649640,24,8.4167
2650125,20,9.2
2650253,11,8.5455
2650470,44,8.5
2650888,8,8.75
2651766,13,10
2652411,1,10
2652637,5,9.2
2653183,62,8.4516
2654048,56,8.75
2654735,17,8.7059
2654931,4,9.5
2655365,17,9.0588
2656152,12,7.6667
2656158,9,9.1111
2656444,1,10
2656632,12,9.8333
2657161,3,7.3333
2658092,1,8
2658329,17,9.0588
2658555,4,7.5
2659134,9,9.7778
2659203,5,8.8
2659831,2,10
2660249,20,8.5
2660685,24,9.0833
2661203,15,8.5333
2661735,4,9
2661998,21,9.619
2662296,3,9.3333
2663048,4,7
2663299,3,9.3333
2664008,1,10
2664484,4,7.5
2665050,3,10
2665504,9,9.5556
2665815,3,9.3333
2665954,2,10
2665956,1,10
2666666,6,9.6667
2667258,6,8.6667
2667547,15,8.6667
2668131,2,8
2668203,30,8.8667
2668216,17,7.6471
2668895,2,9
2669516,5,8.4
2670461,14,9.5714
2670837,12,9
2671529,2,10
2672129,1,10
2672183,7,8.8571
2672907,7,10
2673488,5,8.4
2673874,128,9.0938
2673990,95,8.2947
2674810,29,9.1724
2675545,2,10
2676460,3,8.6667
2676974,3,9.3333
2677196,5,9.2
2677502,2,10
2677535,8,9.75
2678083,9,9.1111
2678812,6,8.6667
2679540,6,9.3333
2680432,1,4
2681264,7,7.7143
2681799,1,8
2682244,6,8.3333
2682289,10,9.4
2682368,2,9
2683223,6,8.6667
2683802,8,8
2684435,7,8.5714
2684666,46,8.7391
2685564,4,10
2685907,18,9.1111
2686402,2,10
2686655,53,9.3208
2686855,42,8.619
2686936,5,9.2
2687363,15,8.2667
2687880,11,8.5455
2688785,17,8.9412
2689743,3,8
2690484,1,10
2691465,1,10
2691997,11,9.0909
2692985,21,8.7619
2693376,18,9
2693392,10,9.4
2693787,10,9.2
2694393,7,8.8571
2695159,4,7.5
2696136,8,8.75
2696263,20,8.5
2696735,114,9.0702
2697691,4,8
2698134,18,9.3333
2698644,11,9.4545
2699597,2,9
2700492,36,9.2222
2701429,20,8.9
2702384,20,8.7
2703088,5,8.4
2703233,2,10
2703625,35,9.1429
2704615,4,10
2705569,10,9
2706431,3,10
2706891,8,7.75
2706963,2,10
2707029,8,8.25
2707303,39,8.5641
2708138,2,9
2708578,22,8.6364
2708732,4,9.5
2708833,3,9.3333
2709362,3,10
2709694,8,8.5
2710114,12,8.3333
2710989,12,9.5
2711691,16,8.75
2712258,5,9.6
2713101,1,10
2713643,16,9
2714132,7,9.7143
2714274,3,10
2714478,1,6
2714551,6,9.3333
2714854,36,9.1111
2715059,3,10
2715221,1,10
2715916,2,8
2716360,9,9.3333
2717153,2,6
2717454,1,8
2718387,3,9.3333
2719014,5,10
2719094,4,8
2719579,37,9.1351
2720289,69,9.0145
2721183,4,10
2721516,2,7
2722274,17,8.4706
2722297,6,9.3333
2723278,12,8.6667
2724106,1,8
2724124,9,9.7778
2724643,1,10
2724667,5,8.8
2725259,12,9.6667
2725374,9,9.5556
2725433,9,9.5556
2726034,7,8
2726376,3,7.3333
2726766,10,9.6
2726778,3,9.3333
2726960,6,7
2727275,5,10
2728150,4,9.5
2728805,25,9.52
2729447,7,8.8571
2730226,4,7
2730831,23,8.087
2731017,1,10
2731234,1,10
2731288,4,9.5
2732280,18,9.4444
2732591,11,9.4545
2732613,10,7.4
2733254,1,10
2733645,5,9.6
2734181,1,8
2735011,27,8.8889
2735546,7,9.1429
2736018,18,8.8889
2736849,5,8
2737172,5,9.2
2737885,16,8.25
2737889,19,8.9474
2738264,14,9.2857
2738558,2,9
2738737,2,6
2739219,15,9.0667
2739465,4,9
2740032,2,10
2740079,17,8.8235
2740458,20,8.9
2741268,15,8.8
2742225,1,10
2742743,23,9.4783
2743152,99,9.1111
2743996,13,8.9231
2744929,6,9.6667
2745542,2,9
2745965,2,10
2746761,31,8.9677
2747024,1,10
2747082,8,8.75
2747774,19,8
2748578,3,10
2749139,1,8
2749860,12,9.6667
2750083,2,9
2750095,1,10
2750726,5,8.4
2751662,1,8
2752000,150,9.28
2752514,3,10
2753495,17,7.6471
2754223,11,8.7273
2755080,4,9.5
2755189,32,9.375
2755484,25,9.28
2755732,8,9
2756176,18,9.5556
2756938,6,9.6667
2757438,28,8.2857
2757736,5,8.4
2758095,17,8.1176
2758175,24,7.5
2758251,96,8.875
2758287,9,9.1111
2759059,4,8.5
2759778,4,9
2760153,27,8.6667
2760336,3,8.6667
2761274,2,9
2761821,13,8.7692
2762448,6,9
2763061,7,9.7143
2763121,7,8.2857
2763188,8,9
2763524,16,8.125
2764488,15,7.7333
2764635,15,9.4667
2764812,9,9.7778
2765628,5,8.8
2766308,7,10
2766518,9,7.7778
2767494,6,8.6667
2768056,12,9.3333
2768637,14,9.1429
2769473,22,8.5455
2769576,3,7.3333
2770385,31,9.4839
2771196,16,9.375
2771463,44,9.1364
2771965,48,8.625
2772670,3,8.6667
2773598,7,8.8571
2774410,8,9
2774999,5,9.6
2775456,17,9.1765
2775745,8,8.5
2775831,2,10
2776206,43,9.1163
2777056,5,10
2777765,7,8.8571
2778191,46,9.6957
2779107,8,8.75
2779191,1,10
2779933,16,8.625
2780710,38,8.4737
2781112,6,9
2781713,31,8.3871
2782228,5,8.8
2782788,2,8
2783742,126,9.0794
2784137,24,8.4167
2784980,5,8.4
2785640,15,8.5333
2786590,8,9.75
2787036,7,8
2787694,15,9.3333
2788643,5,10
2789528,11,7.8182
2789951,10,9.2
2790441,2,9
2791213,2,10
2791864,10,8.4
2792489,8,8.75
2792945,10,8.6
2793818,70,9.2857
2794512,25,8.96
2795279,10,8.2
2795602,8,9.25
2796032,1,10
2796868,29,8.4828
2797673,2,10
2797877,2,9
2798207,6,8
2798436,8,9.75
2799298,22,8.1818
2800241,2,10
2800454,1,8
2800959,4,8.5
2801353,8,10
2801811,12,8.6667
2802595,1,10
2802690,4,9.5
2803401,2,10
2803807,7,7.7143
2804719,9,8.2222
2805203,3,9.3333
2805241,14,9.1429
2805306,6,9.6667
2805767,2,10
2806136,28,8.6429
2806944,21,9.1429
2807264,10,9.8
2807362,50,9.08
2807378,2,8
2807871,2,9
2808472,3,8.6667
2809120,11,7.0909
2810085,5,10
2810718,14,8.7143
2811715,5,9.6
2811924,5,9.6
2812012,8,9
2812364,30,9.0667
2812405,14,7.4286
2812775,2,10
2813119,17,8.8235
2813716,10,9
2814609,13,9.3846
2814635,1,10
2815607,1,10
2816095,19,9.4737
2816757,4,8.5
2816877,9,8.6667
2816933,3,8
2817812,10,9.4
2818477,2,9
2819232,1,10
2819724,3,4.6667
2819787,6,9.3333
2820076,14,8.7143
2820594,8,8.5
2820992,3,8
2821045,49,9.4286
2821340,30,9.6667
2821466,1,10
2822000,1,10
2822377,2,9
2822403,3,10
2822800,22,8.8182
2823710,14,8.8571
2824444,5,8.4
2824615,16,7.5
2824638,13,9.8462
2825407,5,9.6
2826127,66,8.9091
2827079,6,10
2827807,16,8.625
2828118,8,8.25
2828385,2,10
2828426,25,8.4
2829293,188,9.3298
2829386,2,10
2829737,2,10
2829930,9,9.7778
2830897,13,8.9231
2831689,7,9.7143
2832093,9,9.5556
2832407,1,6
2832958,7,9.7143
2833803,1,10
2833955,35,8.4571
2834294,17,8.5882
2834590,15,8.8
2834619,18,9.4444
2834871,13,9.3846
2835159,26,9.3077
2835178,5,8.4
2835610,18,8.6667
2836589,7,9.7143
2837350,3,7.3333
2837461,14,8.8571
2837884,18,9.1111
2838728,5,10
2839578,17,9.0588
2840132,3,6.6667
2840984,17,9.2941
2841727,20,9.1
2842317,4,10
2842622,6,9
2842792,21,9.1429
2843071,2,10
2843310,3,8.6667
2843850,3,8.6667
2843943,3,9.3333
2844327,10,9.2
2844531,1,10
2845075,39,8.3077
2845279,8,8.25
2845828,2,8
2846069,29,9.0345
2846988,5,9.6
2847946,3,10
2848341,32,9.4375
2848702,2,9
2849197,1,8
2850190,3,8.6667
2850564,2,9
2850568,61,8.5246
2850676,9,9.5556
2851067,26,8.9231
2851363,4,9
2851639,10,9.4
2852206,5,8.4
2852932,5,8.4
2853437,13,8.9231
2854027,5,7.6
2854429,2,8
2854617,6,8
2854917,10,9.4
2855612,9,8.8889
2856326,25,8.32
2856766,12,9.8333
2857554,4,8.5
2858308,11,9.6364
2858756,8,9.5
2858904,1,8
2859339,42,8.3333
2859490,52,8.8462
2860188,9,9.5556
2860996,2,9
2861755,7,8.5714
2861781,26,8.6154
2861835,1,4
2861889,7,8.5714
2862443,12,8.6667
2863116,13,8.9231
2863546,26,9.2308
2863863,2,10
2864831,22,9.3636
2865104,12,8.3333
2865755,4,7
2865991,10,8.8
2866121,3,10
2866665,1,10
2867464,2,10
2867662,21,8.6667
2867824,1,8
2868598,15,8.4
2869596,16,9
2870551,3,8.6667
2871253,26,9.3077
2871469,9,9.7778
2872079,14,9.1429
2872180,12,9
2872204,8,9.25
2872227,33,9.2121
2872969,2,9
2873927,12,9.8333
2874354,3,8
2874536,20,8.6
2874874,21,8.8571
2875297,11,8.1818
2875947,1,10
2876727,23,8.6087
2876858,2,10
2877562,37,9.2432
2878135,4,9.5
2879092,2,9
2879483,12,8.6667
2879994,1,10
2880942,1,8
2881114,11,8.3636
2881286,3,9.3333
2881601,7,9.1429
2881970,15,9.2
2882239,11,8.3636
2883006,5,7.6
2883921,3,9.3333
2884089,3,9.3333
2884139,55,8.4
2885039,4,10
2885231,9,9.5556
2885734,47,8.9787
2885924,3,6.6667
2885984,5,8.4
2886456,1,10
2886469,29,8.7586
2886958,2,10
2887021,2,8
2887241,2,8
2887640,7,9.4286
2887761,4,10
2887925,3,8.6667
2888332,10,9.2
2888816,7,9.1429
2889131,6,9.6667
2889585,4,9.5
2890525,8,8.25
2890957,4,8.5
2891320,4,9
2892101,16,9.125
2892306,11,8.9091
2892981,3,8
2893615,7,9.1429
2894255,6,8.3333
2894542,6,9
2895264,1,10
2895903,12,9.8333
2896412,28,9.0714
2897371,1,10
2897788,1,10
2897833,15,8.4
2898794,9,8.8889
2898980,4,8.5
2899540,7,9.1429
2900163,30,9.4
2900227,45,9.4667
2900682,11,9.4545
2901393,31,8.9032
2902058,39,8.6154
2902322,8,8.5
2902365,18,9.2222
2903209,27,9.1111
2903392,24,9.4167
2904350,21,9.3333
2904743,15,9.6
2905597,16,9
2906332,3,10
2907297,4,8.5
2908287,6,9.3333
2908293,11,8.3636
2909134,18,9.2222
2909456,2,7
2909739,2,9
2909842,1,6
2909999,9,8.2222
2910961,3,10
2911015,3,10
2911912,5,8
2912138,10,9
2912410,2,10
2912925,3,9.3333
2913473,2,10
2914063,14,9.5714
2914995,4,9
2915685,5,9.2
2916025,73,9.2055
2916826,49,8.9388
2917165,12,9.3333
2917588,1,10
2918587,11,9.2727
2918861,1,10
2919188,8,9
2919357,5,8.8
2919441,6,9.6667
2920015,4,10
2920428,18,8.6667
2921010,1,8
2921183,13,8.1538
2921697,27,8.2963
2922418,27,9.2593
2922507,11,8.9091
2922538,3,8
2922919,4,8
2923916,13,8.6154
2924430,12,9.1667
2924635,14,9
2924995,6,9.3333
2925357,2,10
2925561,6,9.3333
2926339,26,7.7692
2926997,9,8.2222
2927506,2,9
2927762,15,9.2
2928750,9,9.1111
2929563,12,10
2930542,21,9.0476
2930997,1,10
2931251,1,8
2931769,34,9.4706
2932257,33,8.9697
2932879,2,9
2933855,5,9.6
2934055,19,8.9474
2934081,2,9
2934869,17,8.3529
2935830,21,7.8095
2935879,15,9.3333
2935889,3,9.3333
2936293,2,10
2936514,20,8.2
2936752,22,8.9091
2937389,73,8.8767
2937953,2,9
2938609,4,8.5
2939236,10,9.2
2940176,30,9.4
2940940,3,7.3333
2941443,4,8
2941958,18,8.8889
2941989,4,10
2942706,14,9.2857
2943414,1,8
2944083,2,10
2944876,6,8
2945301,13,8.6154
2945782,12,9.6667
2946194,4,10
2946611,5,8.4
2947228,7,9.7143
2947498,9,9.7778
2948324,22,9.0909
2948344,5,9.6
2949219,1,8
2949937,8,8
2950886,2,10
2951658,2,10
2951824,2,10
2952142,14,8.5714
2952725,3,8
2953681,8,8.25
2953707,10,9.2
2953965,2,8
2954118,20,8.2
2954754,3,8.6667
2955092,3,8.6667
2955585,37,9.5676
2955734,36,9.2222
2956453,11,8
2956720,5,9.2
2957351,3,8
2957481,14,9.2857
2958376,25,9.28
2958416,3,10
2958657,11,8
2959486,13,8.7692
2959777,1,10
2960025,12,9.5
2960913,2,10
2960940,5,7.2
2960969,19,8.3158
2961855,3,10
2962646,13,8.6154
2963344,10,9
2963601,1,8
2963850,11,9.8182
2964470,4,10
2965009,4,9.5
2965924,3,9.3333
2966087,8,9
