123373,686
123793,1714
124204,801
124553,493
125424,466
125465,883
125564,612
126335,2241
127081,266
127495,460
127865,1393
128730,333
128959,516
129831,210
130259,914
130727,431
131117,981
131533,1091
131698,370
132135,427
132738,1582
133584,208
134015,440
134393,396
134849,312
135459,155
135750,386
136110,1197
136860,708
137585,1100
138431,488
139086,524
139792,129
140321,455
140877,160
141300,229
141548,249
141688,398
141761,285
142179,429
143094,398
144051,500
144585,189
144714,356
144727,147
144931,166
145417,74
145906,1478
146684,498
147020,43
147440,94
147594,482
148089,434
148690,250
149459,67
149655,107
149739,310
149913,107
150138,97
150752,103
151551,194
152510,105
152662,485
152836,794
152998,88
153475,519
154002,626
154652,261
154823,167
155381,150
155735,169
155820,92
156607,120
157448,66
158028,178
158794,59
159395,56
159931,139
160346,71
160612,241
161541,145
162491,42
162634,402
163328,135
164051,213
164593,251
165468,91
166006,402
166633,804
167112,157
168012,76
168592,529
168610,532
169179,90
169961,185
170762,19
171284,28
172027,984
172914,307
173235,72
174086,1724
174258,145
174391,136
174799,30
175496,114
175600,73
176025,96
176490,198
177394,81
178058,202
178429,66
178527,89
178753,40
179124,65
180014,120
180843,321
181161,48
181453,176
181737,135
182578,227
182915,134
183194,216
183200,117
183945,142
184374,300
185182,85
185226,85
185800,96
186629,23
187164,86
187477,118
187984,128
188052,209
188485,65
189303,23
190238,56
190529,40
190793,59
191243,57
191514,36
192258,43
193179,346
193361,84
194128,62
194182,157
194232,60
194369,27
195076,151
195124,111
195406,13
195613,51
196197,10
196859,168
197170,291
197391,69
198271,41
199231,134
199457,118
200269,74
200393,79
200640,2
201534,11
202172,7
203040,1
203856,153
204063,137
204824,1
205656,4
206510,10
206536,48
206849,3
207710,23
208647,41
209001,15
209578,26
209668,15
210180,6
211146,17
211662,6
212624,13
213089,20
213422,5
214082,1
214411,9
215329,2
216048,15
216159,13
216959,39
217243,3
217822,30
217917,1
218606,119
218762,13
219061,12
219319,6
220185,1
220435,10
221326,5
221704,31
221823,8
222318,53
222467,37
222762,29
223146,26
224069,7
224876,69
225221,3
226072,60
226278,32
226529,23
226564,25
227442,29
227716,106
227818,64
228171,3
228702,56
229056,3
229145,51
230083,1
230856,23
230875,17
231133,46
231418,36
231466,15
231716,17
232082,42
232383,28
232899,20
233468,17
233596,85
233953,77
234144,68
234276,27
234372,19
234407,27
235073,11
235441,28
236205,3
236557,41
237481,1
237589,18
237896,5
237957,5
238164,6
238402,20
239232,9
239986,9
240049,7
240137,46
240208,74
240372,1
240913,30
241019,92
241461,241
241759,107
242661,33
242782,48
243449,24
244379,20
244945,7
245079,15
245795,5
246037,13
246463,13
247125,59
247349,1
247465,16
247543,7
247599,19
247960,1
248116,5
248794,3
249458,6
250315,7
251296,9
251937,22
252102,27
252891,9
253667,67
254238,18
254493,167
254960,114
255241,11
255476,34
255986,92
256646,48
257262,33
258206,84
259136,51
259934,11
260887,3
261679,15
261938,3
262756,10
263699,144
263981,85
264165,13
264441,2
265428,16
265806,173
266651,39
267405,35
267521,3
268000,15
268250,10
268562,134
269172,89
269371,44
269950,20
270563,2
271412,18
271428,10
271624,15
272388,92
272842,17
273492,20
274182,7
275088,7
275231,3
276056,10
276259,15
276603,24
276763,87
277251,5
277270,10
277366,10
278104,46
278878,38
279547,28
279859,30
280443,7
280734,60
281431,33
282220,9
283107,46
283584,25
283978,17
284665,72
285225,55
286193,10
286495,24
287235,28
287475,57
288472,72
288700,11
288924,3
289886,7
290624,11
290919,15
291089,5
291364,30
291513,1
291676,17
292441,19
293358,35
293370,24
293711,37
294486,7
294537,2
295072,40
295304,16
295362,39
295745,9
296430,41
296781,12
297536,47
297978,4
298336,35
298830,33
299080,17
299987,59
300980,19
301159,46
301873,28
301960,58
302043,6
302356,31
302723,22
302757,10
303292,14
303637,1
303978,2
304354,119
305049,15
305515,1
305799,7
305868,103
306500,35
307233,2
308000,37
308150,35
308834,7
309634,53
310454,37
310735,35
311245,2
311350,28
312324,16
312893,32
313568,42
313671,21
313821,17
314633,42
315240,41
315655,21
315804,44
316117,15
317029,54
317759,14
318596,5
319191,38
319514,14
320279,9
321100,6
321674,57
321862,1
322434,52
322469,2
322704,26
323450,92
323870,46
324607,24
325470,81
325844,29
326784,53
326908,27
327817,22
328677,4
329069,9
329400,45
329769,24
329814,6
330238,110
330893,7
331370,25
331636,28
331706,24
331924,7
332433,2
333335,9
333479,13
334203,11
334588,97
335248,18
335811,6
336097,44
337018,42
337074,14
337867,9
338695,9
339498,43
339992,8
340327,7
340567,4
340686,63
341294,36
341450,62
341976,25
342311,45
343137,45
343444,16
344292,30
344481,12
344794,14
344877,73
345146,77
346143,27
347112,18
347538,14
347691,2
348662,61
349579,49
350461,49
350549,45
350977,35
351928,18
352365,24
353027,3
353211,7
353973,13
354557,37
354610,20
355463,20
355881,3
356619,30
357231,43
357517,1
358479,11
358662,40
358673,12
359431,20
360075,36
360595,39
360735,4
360837,44
361145,1
361530,28
362332,63
363135,56
363275,8
363702,9
364092,30
364172,8
364862,31
365608,37
365727,82
366475,48
366554,3
367342,15
367523,2
367908,3
368245,62
368421,59
369203,29
369599,9
369899,34
370717,30
371022,62
371714,7
372214,13
372871,2
373415,1
373527,9
374312,119
374793,33
375444,41
375996,8
376219,31
376859,23
376881,43
377045,5
377089,4
377131,56
377662,48
378274,1
379018,1
379201,18
379441,34
379885,4
379930,14
380900,2
381444,29
382292,1
382531,1
382702,1
382883,55
382919,16
383302,29
383730,57
384260,18
384731,32
385214,3
385798,5
386314,37
386662,8
387281,9
387449,9
387552,73
387732,17
388461,3
389336,4
389631,69
390071,34
390461,11
391450,57
391525,75
391907,53
392822,23
393530,35
393691,2
394079,18
394777,7
395702,20
396259,43
396894,81
397183,39
397303,25
397391,44
398222,36
398986,6
399913,10
399935,14
400546,5
401266,5
401333,6
401533,26
401725,18
402211,15
403038,73
403748,53
404235,61
404345,27
405197,6
405258,37
405646,9
405907,61
405944,4
406848,9
406895,16
407323,50
407719,11
408092,4
408892,1
408994,70
409531,18
410085,1
411069,2
411221,2
412212,6
412224,6
413010,10
413341,7
414009,39
414305,4
415231,10
416010,6
416027,18
416213,119
417055,144
417969,10
418571,8
418998,19
419701,3
420498,28
420842,25
421235,13
421373,22
422368,31
423236,9
423547,32
423908,11
424691,71
424703,42
424962,87
425423,17
425588,4
426346,17
427227,14
427500,22
427568,20
427691,51
427952,36
428942,33
429191,109
430096,24
430708,51
431518,8
431702,26
432116,6
432268,134
432275,234
433035,15
434013,7
435001,45
435980,4
436710,4
437435,4
437449,6
438188,2
438881,9
439630,52
439655,50
439740,23
440058,15
440363,14
441162,28
441224,24
442171,20
442500,61
443464,93
443517,24
444246,15
445150,39
445546,15
445639,10
446156,6
447098,8
447893,9
448821,3
448965,26
449609,42
449823,2
450618,282
451300,27
451591,65
451754,58
451770,8
451860,30
451969,145
452942,139
453349,41
453545,12
454299,1
454564,19
455295,26
455720,27
456514,12
457417,2
458060,1
458067,1
458666,29
458919,44
459290,16
459335,4
459535,49
459700,19
460573,21
461413,24
461503,13
462293,4
462822,3
463324,33
463334,3
463678,18
463728,20
463770,6
464158,2
465080,14
465622,2
466311,32
466603,42
466944,252
467091,75
467817,167
468020,112
468314,54
468951,9
469932,18
470444,13
471376,18
471560,6
472333,47
472922,136
473854,26
474493,26
474665,18
475151,10
475271,13
476080,16
476730,14
477470,4
477660,17
478077,34
478490,41
479018,72
479885,44
480832,71
481258,18
481569,6
482477,18
482993,9
483202,6
483545,12
483742,3
484069,27
484096,4
484814,5
484978,33
485187,37
485462,20
486225,17
486350,23
487111,1
487852,19
487992,18
488181,14
489154,2
489770,26
490588,8
491342,33
492247,48
492649,6
493265,41
493293,4
493510,28
494266,3
494731,19
495224,19
496108,22
496177,2
496759,4
497011,1
497719,63
497910,10
498082,14
498544,39
499042,15
499195,81
499380,42
499679,27
500622,19
501426,33
501519,10
502489,2
503009,61
503972,193
504109,10
504959,7
505330,2
505772,18
505877,11
506816,11
507732,59
507766,35
507888,7
508624,1
508973,32
509406,27
509695,4
510349,2
510981,3
511441,21
512312,2
512791,29
513234,4
514036,17
514672,13
515055,15
515521,13
515827,27
516116,6
516963,24
517802,71
517998,62
518200,36
518748,1
519571,5
520313,4
521203,17
521966,3
522330,3
522755,132
523495,21
523731,27
523845,33
524341,69
525014,14
525355,24
526216,39
527045,11
527123,3
527130,51
527885,84
528120,12
528243,18
528590,22
529029,6
529055,2
529528,10
530513,9
530550,13
531077,78
531788,2
532135,266
532252,15
532982,7
533452,49
534314,54
534612,65
534813,2
534890,6
535046,1
535857,27
536347,48
536592,19
537285,22
538143,84
538840,40
539385,34
540342,34
541133,21
541999,57
542159,20
542348,28
542595,2
543189,33
544038,26
544045,16
544964,48
545632,103
546398,29
546688,11
547674,146
548104,17
548667,19
548685,8
549366,13
549751,40
549867,34
550229,5
550322,140
550590,117
550800,13
550829,9
551321,2
551782,55
552718,35
552889,36
553143,34
553936,17
554095,60
555063,82
555308,97
555311,44
556224,19
556794,4
557701,8
558669,25
558784,7
559634,29
560251,13
561215,31
561264,112
561864,65
562188,73
563117,11
563817,6
564488,3
564650,13
565571,20
566327,23
566753,4
567142,15
567453,11
567599,15
568059,17
568429,5
568875,70
569424,54
569795,29
569832,9
570147,9
570478,6
571441,29
571536,18
571931,9
572613,31
573147,40
573593,45
574286,52
574909,38
575727,50
576000,42
576743,56
577053,19
577057,7
577391,62
578153,26
578862,48
579464,11
579746,15
580060,55
580227,26
580691,3
581032,46
581590,6
582430,26
582799,7
582976,30
583437,8
583572,12
584125,3
584806,6
585608,3
585609,2
585830,150
586451,2
587001,11
587536,14
588349,10
588440,1
588814,43
588840,16
589412,5
589983,13
590893,56
591636,36
591853,30
592539,46
593478,3
593752,5
594135,9
594682,15
595048,38
595269,44
595965,24
596043,2
596740,37
597279,34
597314,74
597613,20
598578,15
598696,14
599262,34
599434,2
599709,6
600102,5
600482,12
600840,18
601482,20
602418,2
603369,46
603664,8
604383,1
605263,7
606223,9
607037,17
607186,85
607670,5
608649,15
609338,28
609487,17
610093,76
610656,4
610935,8
610956,14
611674,3
612332,3
612756,14
612956,3
613031,5
613085,39
613257,7
613771,15
614384,38
614587,2
614741,26
614775,17
615009,49
615517,2
615644,70
616481,42
616682,114
617013,93
617766,116
618661,83
619157,67
619977,46
620288,46
620524,44
621457,3
621706,6
622041,24
622319,9
622527,18
623373,4
623847,2
624407,81
625308,20
625370,21
625911,17
626764,32
627759,152
628492,37
628722,9
629699,7
630296,7
631251,37
632046,3
632507,33
633179,14
633243,12
633549,3
634306,11
634755,11
635364,47
636233,9
636562,15
636785,24
637032,12
637042,22
637670,112
638318,322
638571,18
639383,1
639937,6
640121,17
640617,54
640839,31
641806,16
642677,31
643385,18
644208,28
644425,227
644706,52
645460,27
645661,29
645694,18
646029,33
646512,32
646552,11
646952,7
647288,9
647299,9
648298,8
648758,16
649440,25
649983,26
650770,16
651557,17
652189,65
652854,18
653200,29
653960,24
654025,53
654662,2
654681,30
655630,10
655775,73
655967,66
656480,47
656716,23
657626,127
657712,10
657768,27
658014,8
658625,54
658706,27
659088,15
659182,1
660136,44
660952,10
661589,24
662537,9
662706,10
663524,6
664127,24
664558,26
665175,3
665360,65
666332,38
666794,13
667268,38
668177,4
668229,9
668280,80
669228,9
669276,4
669328,3
669519,7
670389,19
670722,20
670966,52
671410,37
671761,75
671958,54
672419,41
673166,23
673731,33
673917,18
674597,17
675264,5
675335,17
675714,39
676028,8
676280,10
676940,2
677837,53
678415,18
679098,4
679340,19
680249,17
680636,10
681455,20
682043,68
682871,22
683251,130
684027,31
684381,34
684755,4
685700,12
686139,17
686614,19
686720,61
686884,157
687064,3
687702,10
688271,24
688581,2
689517,6
690330,19
690333,2
690634,22
690829,31
690873,16
691861,23
692555,1
693185,135
693222,49
693849,68
694477,75
695314,21
695796,5
696699,1
696761,25
697418,2
698130,41
698153,31
699053,26
699225,43
699458,7
699783,20
700357,16
701286,10
701655,1
702133,7
702510,3
703458,74
704314,44
704588,9
704861,16
705502,1
706145,56
706647,18
706929,17
707158,9
707749,3
707767,14
708064,57
708493,52
708549,22
708613,27
709521,40
709832,190
709848,28
709987,3
710834,21
710897,4
711336,1
711389,5
711795,12
712527,58
712843,24
713000,1
713790,45
714372,41
714374,137
714449,35
714976,4
715049,2
715164,6
715193,2
716072,14
716777,162
717182,4
717958,2
718654,45
719301,38
719650,6
720017,38
720677,7
721403,95
721424,76
721699,51
722566,3
722678,50
723450,23
724319,118
724632,1
724917,12
725242,39
725296,50
726174,15
726666,2
727157,55
727382,27
728275,9
728996,4
729362,120
730008,430
730604,29
731134,39
731839,8
732316,2
732995,70
733561,50
734229,48
734704,9
735675,21
736247,13
736985,14
737598,94
738492,6
739233,12
739541,33
739555,20
740322,13
740349,29
740418,8
741141,35
741980,30
742741,50
743728,30
744180,10
744451,13
744993,5
745303,2
746029,29
746366,93
747241,5
747846,27
748353,3
748419,12
749329,32
750005,21
750697,10
751120,4
751867,14
752471,10
753003,16
753788,104
753871,20
754797,25
755371,396
756020,41
756784,98
756819,93
757135,76
757774,23
758020,2
758413,5
759314,12
760309,44
760794,7
761785,1
762257,37
762508,7
763288,193
763393,48
764165,4
764278,6
765009,60
765473,70
765872,50
766630,16
766885,23
767710,28
767935,2
768402,1
768842,5
769383,7
769754,4
770712,46
771583,1
771815,3
772587,6
773361,57
773497,18
774379,21
774987,4
775879,5
776147,12
776873,6
777465,3
778237,18
779107,15
779946,7
780217,39
780380,50
781281,41
781628,6
781825,108
782051,70
782079,46
782555,27
783215,19
783906,29
784545,50
784810,9
785354,13
785603,14
786311,15
786827,34
787799,15
788115,7
789011,16
789767,74
790385,6
790784,5
791120,3
791847,22
792780,14
793525,2
794456,13
794657,9
795254,65
795320,145
795734,42
795781,14
796216,13
796978,2
797218,47
798217,10
798972,5
799238,18
799258,7
799723,22
800530,10
800605,4
800975,22
800996,21
801920,24
802278,31
802815,68
803339,20
804272,2
805122,6
805353,6
805512,12
805999,8
806803,224
806919,38
807839,9
808681,7
808736,29
809269,6
809343,18
809891,48
810197,28
810358,5
810711,3
811442,10
811614,8
812029,14
812813,3
813428,24
814116,33
814717,9
814851,6
814901,16
814981,8
815195,76
815527,18
815826,22
815986,17
816840,19
817235,1
818210,27
818635,27
819428,12
819940,1
820057,30
820211,18
820244,23
820942,7
821065,3
821100,11
821189,13
821778,4
822724,24
823534,65
824029,28
824318,17
824925,5
825797,5
826125,17
826495,1
826672,25
827522,13
827986,2
828743,16
828847,36
828903,16
829667,15
830076,1
830504,20
830636,4
831463,18
832070,10
832175,3
832622,133
832705,20
833599,56
833666,289
834620,127
834814,85
835781,6
835908,6
836119,6
836441,15
836631,42
837232,2
838074,1
838207,42
838983,82
839499,26
840165,12
840269,2
841044,2
841543,2
842449,21
842895,6
843274,11
843739,11
844580,6
844779,8
845730,28
846583,3
846616,33
846699,37
847550,36
848251,18
848848,31
849468,157
849703,5
849722,1
849804,3
850498,16
851120,8
851603,45
851656,23
851692,20
852009,6
852204,31
852319,17
853235,6
853894,7
854404,30
855322,1
855939,16
856483,14
856497,11
857115,3
857508,25
858304,219
858647,38
858828,70
859692,48
859889,69
860350,14
861118,24
861613,21
861707,38
862446,100
862815,30
863134,11
863680,28
864299,64
864981,76
865225,173
865585,73
866304,89
867148,30
868096,55
869052,18
870021,20
870184,132
871172,72
871903,19
872442,19
872676,2
872951,27
873299,7
873547,64
874053,36
874239,1
874687,7
874728,3
875118,3
875667,9
876394,38
876938,27
877479,23
877767,70
878388,9
878960,21
879452,38
879997,17
880935,30
881837,8
882528,1
883163,1
883661,189
883838,31
883916,6
884056,9
884330,4
884737,38
885333,5
885960,5
886686,11
887454,73
887695,59
888278,5
889239,93
890105,94
890500,38
890743,2
891726,4
892222,7
893017,5
894000,9
894856,1
895338,12
896330,11
896619,1
896665,2
897494,25
898283,63
898529,26
899416,3
899950,6
900878,19
901186,33
901631,17
902200,71
902478,82
903091,46
903647,143
904251,19
904766,69
905717,19
906158,2
906993,7
907548,14
908394,1
909221,30
909677,49
910169,3
911132,41
911758,3
912273,18
912462,11
912603,5
912865,8
913142,18
913691,32
914136,70
914568,41
914588,2
915043,2
915376,12
916090,13
916347,13
916397,23
916623,7
916639,92
917461,23
918064,82
918212,26
918397,34
918827,27
919589,25
920132,22
920294,12
920927,74
921642,307
922038,21
922753,4
923165,3
924088,8
924335,22
924469,3
925030,5
925104,32
925665,90
926333,3
926842,66
927817,16
928269,25
928312,37
928978,18
929570,51
929861,27
930279,18
930824,11
931139,13
931157,3
931734,66
932152,58
932347,90
932668,8
933074,35
933691,53
934639,32
935316,24
935771,6
936038,20
936843,5
937638,75
938057,11
938882,25
939721,7
940367,17
940419,38
941248,6
941787,6
942188,24
943143,42
943243,203
943349,9
943941,2
944012,15
944061,9
944512,9
944766,29
945246,9
945880,114
946530,103
947192,53
947584,25
948002,123
948174,45
948396,41
948805,29
949187,3
949729,2
950224,5
951095,7
951771,13
951810,37
952053,41
952643,19
952836,3
953424,2
954303,23
955151,21
955742,12
956499,13
956997,25
957927,29
958423,57
958617,17
959200,36
959475,8
960463,60
960713,3
960906,9
961819,102
962489,46
963476,459
963763,5
964352,4
964922,4
965001,6
965325,1
965768,51
965888,17
966875,28
967675,35
968649,25
969553,25
970010,18
970500,15
971268,10
972048,21
972509,8
972745,38
973512,15
974129,13
974504,34
975243,16
975506,9
976264,5
976594,14
977381,40
977833,2
978637,4
978935,22
979016,17
979046,46
979692,1
980230,53
981163,10
981993,7
982621,80
982932,90
983905,22
984289,39
985087,81
985499,110
986296,48
986324,75
986546,36
987052,131
987536,108
987569,69
987743,73
988239,60
989029,59
989581,26
990533,3
990892,12
991459,1
992169,21
992520,24
992623,13
993317,6
993753,20
993779,18
994031,9
994626,27
995232,3
995959,1
996851,18
997357,3
997751,11
998371,1
998947,45
999526,60
999837,94
1000254,47
1000270,94
1000739,82
1001122,82
1001783,3
1001785,12
1001829,35
1001857,10
1002181,1
1002298,11
1002863,57
1003076,132
1003622,2
1004015,6
1004940,4
1005880,105
1006362,12
1006590,4
1006741,30
1007290,18
1007343,3
1007691,27
1008472,4
1008474,19
1008562,66
1009245,5
1009409,13
1009546,72
1009845,115
1010328,122
1010926,123
1011749,37
1011971,12
1012189,19
1012832,12
1013498,66
1014293,21
1014880,17
1015626,41
1015917,21
1016759,88
1017726,53
1017773,38
1018136,59
1018333,2
1018771,1
1018841,205
1019581,51
1019819,57
1020585,37
1021482,30
1022099,36
1022354,9
1023159,54
1023626,13
1024498,23
1025281,2
1025572,10
1026404,3
1026684,9
1027436,26
1028170,11
1028330,24
1028441,3
1028680,49
1029668,16
1029963,4
1030240,19
1030312,25
1030910,18
1031161,13
1031440,232
1032121,10
1032186,30
1032906,23
1033454,70
1034310,13
1034372,13
1034813,5
1035288,3
1036192,45
1036336,39
1037331,1
1037420,18
1037538,2
1037743,5
1038233,35
1038630,28
1038793,3
1039359,13
1039616,7
1039951,4
1040565,4
1041411,19
1041657,9
1041724,1
1042152,9
1042558,2
1042783,55
1043198,18
1043392,48
1044125,45
1044663,19
1044722,8
1044908,7
1045120,40
1045604,56
1045956,13
1046153,26
1046957,29
1047479,3
1047613,23
1048184,183
1049084,13
1049694,27
1049981,25
1050242,93
1050289,13
1050416,14
1051003,8
1051985,7
1052971,27
1053467,7
1054067,35
1054232,1
1054480,24
1055399,17
1056174,53
1056939,55
1057309,20
1057664,256
1057930,34
1058632,66
1058949,15
1059760,5
1059841,5
1060700,14
1060813,1
1061029,7
1061890,12
1062322,2
1062440,14
1063294,18
1063576,48
1063761,81
1063822,4
1064359,19
1064397,284
1064642,2
1064880,61
1065732,6
1066244,19
1067035,7
1067268,3
1068027,15
1069002,25
1069265,40
1069416,1
1069879,56
1070445,6
1070633,7
1070728,5
1071121,2
1071711,22
1072201,14
1072520,5
1072638,31
1073611,10
1074283,42
1075242,4
1076157,73
1076484,555
1077123,65
1077340,7
1078038,11
1079034,17
1079695,15
1080396,10
1081213,5
1081548,7
1082379,100
1082384,80
1082745,16
1083036,12
1083102,10
1083523,7
1083638,33
1083818,62
1084380,19
1084504,14
1085150,17
1085416,7
1085718,6
1086423,1
1086679,1
1087594,7
1088129,23
1088956,3
1089872,10
1090011,32
1090064,134
1090219,64
1090944,8
1091246,7
1091440,12
1091654,48
1092231,66
1092842,21
1093026,90
1094009,41
1094741,2
1095183,6
1095695,48
1095884,1
1096145,15
1096999,21
1097239,6
1097644,1
1098399,19
1099081,65
1099530,42
1099646,7
1099773,57
1100140,3
1100910,3
1101264,8
1101413,2
1101822,13
1102551,18
1103425,48
1103980,2
1104659,1
1105210,6
1105919,3
1106101,140
1106697,38
1107693,26
1108555,55
1108814,245
1109803,103
1110122,71
1110676,48
1110928,34
1110985,45
1111873,58
1111981,17
1111986,1
1112658,42
1112955,45
1113191,117
1113599,24
1114041,29
1114441,16
1115223,22
1115567,1
1115837,5
1116585,8
1117289,13
1118202,8
1118295,7
1119245,26
1120148,21
1120159,2
1121132,47
1121351,23
1121730,41
1121769,4
1122460,44
1123165,3
1123833,15
1123982,21
1124509,19
1124893,5
1125021,5
1125124,1
1125393,20
1125699,3
1126054,12
1126241,27
1126394,60
1126889,108
1126983,8
1127888,5
1128155,5
1128722,4
1129399,41
1129763,7
1129875,24
1130860,9
1131772,11
1132735,17
1132884,25
1132917,6
1133906,84
1134208,31
1135080,15
1135348,29
1135613,4
1136365,20
1137257,2
1138140,9
1138755,13
1139254,10
1139365,7
1139708,37
1140255,5
1141067,33
1141778,22
1142056,26
1142945,59
1143588,25
1144308,44
1144993,4
1145592,51
1146287,166
1146704,20
1146727,9
1146825,56
1147534,6
1147823,71
1147844,37
1148823,36
1149283,52
1149455,18
1149636,1
1150317,3
1150596,9
1151504,6
1152022,1
1152774,1
1153191,3
1153545,23
1154164,27
1154504,42
1154732,32
1154854,37
1155299,17
1155639,29
1156321,26
1157136,12
1157402,12
1158313,33
1158451,35
1159412,34
1160073,17
1160869,37
1161038,10
1161988,13
1162261,10
1162640,8
1163129,57
1163310,34
1163553,104
1164098,37
1164757,94
1164793,26
1164872,8
1165054,18
1165567,6
1166222,5
1166477,9
1166927,108
1167757,22
1167885,14
1168767,23
1169621,2
1169722,23
1170357,31
1171343,5
1171513,10
1171567,12
1171728,15
1172052,130
1172239,14
1173025,29
1173459,27
1174307,112
1174940,32
1175875,1
1175903,148
1176070,50
1176605,51
1177303,1
1177997,27
1178371,2
1178721,43
1179146,2
1179225,8
1179273,102
1180202,19
1180533,21
1181529,11
1181917,16
1182071,14
1182386,1
1182869,9
1183835,32
1184628,13
1185240,12
1186050,35
1186923,103
1187427,35
1187659,128
1188264,80
1188641,68
1188713,54
1189511,21
1190171,5
1190600,14
1191107,3
1191124,46
1191552,7
1191969,14
1192323,1
1192794,7
1192948,8
1193060,5
1193322,6
1193716,8
1194169,37
1194539,51
1194697,6
1194719,3
1195490,15
1195998,19
1196239,1
1196314,13
1196605,15
1197228,35
1197985,15
1198628,47
1198944,44
1199931,14
1200223,42
1201176,2
1202098,3
1202983,7
1203092,11
1203684,1
1204662,5
1205016,53
1205802,27
1206618,25
1207217,39
1207360,64
1207456,73
1207541,10
1208281,2
1209067,1
1209909,79
1210197,81
1210233,187
1210991,32
1211263,1
1211296,14
1211562,58
1211829,12
1212804,1
1212992,75
1213427,308
1213752,95
1213796,38
1214361,6
1214779,6
1215281,71
1216038,32
1216285,2
1217094,33
1218035,1
1219000,20
1219459,40
1219754,37
1220287,12
1220393,66
1221372,21
1222019,15
1222906,7
1223581,15
1223725,97
1224275,25
1224461,71
1225430,30
1225471,27
1226293,579
1226974,4
1227811,29
1228651,73
1229092,22
1229153,14
1229349,6
1229740,208
1230116,6
1230882,5
1231549,19
1231740,29
1231865,24
1232187,28
1233020,28
1233596,7
1234209,2
1235119,11
1235577,9
1236285,2
1236359,51
1237090,18
1237908,3
1237986,21
1238932,343
1239016,1
1239431,1
1240309,108
1241304,162
1241917,67
1242074,51
1242444,20
1243365,4
1243645,7
1244000,10
1244364,11
1245038,15
1245571,7
1246144,11
1246981,44
1247578,61
1247623,23
1248293,21
1249033,25
1249961,4
1250367,43
1250402,23
1251146,21
1251383,7
1251617,90
1252187,30
1252971,24
1253724,14
1254028,9
1254547,69
1255234,41
1255302,46
1255726,66
1256434,25
1256956,32
1257763,43
1257812,48
1257871,25
1258330,25
1258461,5
1258746,8
1259708,71
1260666,154
1260731,76
1261393,41
1262352,33
1263144,9
1263582,34
1263613,1
1263897,25
1264019,2
1264448,1
1265357,48
1266176,77
1266411,4
1266469,5
1266562,7
1267490,8
1268336,1
1268357,6
1268360,80
1268484,3
1269027,7
1269149,25
1270050,4
1270958,5
1271400,25
1271853,53
1272718,29
1273149,19
1273589,100
1273915,36
1274052,22
1274294,9
1274400,21
1274956,118
1275627,25
1276001,1
1276025,10
1276802,13
1277141,34
1277646,11
1278211,77
1278888,33
1279089,19
1279220,40
1279221,2
1279795,9
1280715,14
1281064,38
1281865,10
1282254,26
1282851,3
1283795,29
1284660,13
1285191,6
1285250,9
1285647,48
1285684,21
1286229,37
1287055,3
1287125,8
1287390,29
1287535,54
1287876,8
1288868,1
1289088,25
1289102,17
1289744,28
1290146,5
1290861,13
1291744,18
1292293,15
1292843,54
1293730,5
1294261,78
1294660,40
1294852,72
1295171,164
1295893,15
1296364,26
1296975,3
1297588,12
1298171,5
1298692,28
1299039,18
1299190,27
1299555,12
1300112,19
1300249,33
1300775,4
1301573,4
1302147,3
1303068,12
1303077,4
1303253,2
1303617,2
1303995,61
1304627,5
1304876,7
1305217,4
1306088,13
1307048,9
1308013,105
1308832,46
1309118,56
1309537,159
1310167,38
1310462,40
1310632,21
1311397,18
1312162,19
1312996,74
1313216,2
1313746,79
1313942,93
1314014,17
1314666,18
1314701,16
1315221,11
1315960,25
1316404,51
1316534,42
1316758,1
1317673,21
1317747,44
1317846,93
1317878,24
1318448,12
1318793,29
1319424,2
1319519,29
1320203,22
1320601,1
1321174,12
1321818,2
1322053,14
1322256,2
1322538,7
1322682,27
1322953,21
1323006,7
1323121,24
1323914,8
1324206,1
1324909,2
1325194,21
1325648,222
1326105,7
1326545,26
1327434,9
1327789,24
1327795,1
1328011,13
1328587,47
1328898,44
1329015,2
1329021,40
1329072,34
1329801,4
1330312,59
1331220,34
1332029,12
1332388,12
1333316,54
1333481,35
1334351,41
1334632,12
1334728,102
1335648,116
1336309,23
1337205,196
1337235,1
1338158,1
1338469,49
1339136,87
1339601,42
1340234,44
1340629,7
1341504,12
1342040,32
1342972,10
1343019,9
1343855,6
1344283,6
1344940,39
1344951,2
1345027,21
1345080,15
1345219,12
1346012,2
1346753,23
1346952,5
1347405,34
1347799,9
1348294,36
1348707,1
1349696,17
1350479,17
1351301,35
1351623,20
1352528,9
1352656,28
1353012,40
1353354,9
1353371,6
1353811,37
1354299,30
1354920,41
1355618,139
1356085,13
1356952,64
1357639,3
1358356,5
1358958,3
1359622,80
1360406,28
1361162,61
1361212,29
1361906,15
1362593,84
1363362,5
1363651,29
1363948,27
1364569,53
1364866,43
1365521,13
1366101,87
1366460,4
1366530,46
1366699,94
1367424,34
1368220,11
1368315,19
1368672,17
1369656,2
1370008,8
1370848,9
1371685,2
1372275,3
1373203,3
1373610,9
1373876,28
1374373,14
1375284,8
1375793,20
1375928,25
1376921,14
1377551,3
1377639,18
1378631,330
1379493,92
1379559,67
1380305,18
1380504,7
1381018,4
1381917,15
1381957,3
1382388,36
1382749,11
1382903,3
1383321,25
1383415,26
1383632,15
1384226,19
1384407,7
1384766,72
1385426,6
1386350,24
1387348,10
1387904,2
1388246,18
1389014,12
1389231,18
1390212,69
1390469,110
1390540,40
1390827,26
1391320,28
1391477,22
1391846,34
1391906,20
1392841,39
1393299,10
1393891,4
1394843,8
1395315,9
1395875,2
1396660,32
1396878,32
1397005,17
1397874,14
1398523,35
1399020,16
1399602,10
1399833,16
1400094,11
1400746,7
1401470,13
1402140,10
1402874,37
1403766,4
1404266,10
1404585,2
1404676,87
1404981,5
1405562,3
1405845,8
1406056,38
1406191,2
1406963,7
1407374,8
1407851,3
1407928,31
1408079,67
1408354,20
1408529,13
1409027,32
1410022,3
1410653,37
1411562,15
1412068,2
1412589,7
1413486,50
1413981,30
1414597,7
1414750,19
1414833,46
1415190,21
1415952,104
1416608,27
1417294,42
1418138,64
1419083,119
1419447,5
1419870,16
1420024,4
1420770,235
1420896,25
1421674,11
1421726,3
1422015,27
1422568,19
1422667,2
1422762,20
1423674,3
1424454,93
1424883,56
1425193,32
1425607,8
1425852,13
1426339,3
1426525,17
1427330,37
1427750,94
1428087,15
1428822,20
1429022,108
1429859,68
1429912,39
1430716,21
1431264,8
1431355,16
1432088,11
1432370,15
1432504,34
1432831,6
1433240,38
1433766,96
1434163,29
1434272,39
1434569,3
1434600,7
1434889,1
1435687,52
1436642,53
1436844,5
1437612,93
1437907,33
1438673,16
1439155,11
1440124,26
1440265,1
1440450,12
1441199,3
1441700,18
1442452,7
1443184,12
1444142,62
1444603,3
1445376,8
1445609,41
1446293,184
1446885,11
1447358,7
1447394,2
1447941,82
1448326,24
1448560,6
1448967,20
1449570,148
1449671,9
1449758,19
1450102,33
1450450,34
1451390,29
1452027,4
1452674,1
1453647,13
1453669,99
1453730,20
1454374,18
1454376,32
1454808,23
1455118,18
1455272,51
1456137,7
1457018,3
1457171,39
1457605,4
1458403,24
1458668,31
1459539,74
1459683,68
1459957,82
1460606,67
1460767,46
1461091,23
1461623,45
1462172,22
1462873,5
1463334,1
1463543,156
1463604,78
1464345,3
1464972,2
1465348,38
1465594,22
1465824,23
1466391,2
1467075,8
1467111,23
1467187,2
1467760,34
1468203,52
1469072,43
1470044,7
1470980,10
1471829,2
1472591,21
1472909,63
1473668,21
1473684,48
1474262,15
1475101,2
1475816,11
1476038,3
1476552,2
1476825,78
1476974,11
1477398,19
1477695,2
1478427,44
1479136,31
1479569,23
1479699,63
1480010,27
1480942,47
1481329,38
1481998,25
1482569,42
1482652,26
1483562,36
1483804,27
1484078,194
1484383,185
1484638,4
1484958,3
1485317,7
1486197,14
1486261,37
1487216,31
1487957,29
1488836,34
1489325,5
1490201,12
1490515,47
1491185,8
1491622,8
1491763,20
1491849,20
1492185,65
1492694,5
1493224,12
1493246,67
1494097,30
1494967,11
1495368,21
1496340,39
1496586,26
1496861,85
1497029,28
1497935,68
1498329,198
1498534,22
1499177,30
1499752,16
1499974,64
1500841,1
1501053,5
1501483,16
1501987,153
1502343,16
1502884,2
1503791,19
1503862,7
1504304,26
1504330,29
1505204,87
1505457,6
1505652,10
1505709,26
1506520,4
1507056,17
1507833,1
1508337,3
1509299,30
1510143,10
1510617,25
1511014,29
1511595,19
1512186,3
1512783,24
1513308,5
1513452,24
1514308,45
1514732,1
1514889,1
1515004,4
1515339,161
1515649,207
1516223,24
1516843,151
1517307,54
1518052,19
1518795,22
1519172,28
1520010,3
1520680,35
1521602,2
1522010,13
1522107,12
1522253,98
1522670,21
1522885,15
1522959,25
1523096,46
1523882,213
1524171,17
1524526,11
1524987,1
1525577,32
1526453,10
1526552,21
1527117,18
1527946,57
1528337,57
1528722,66
1528876,7
1529320,33
1529500,4
1529884,76
1530271,154
1530913,52
1531410,11
1531631,15
1532310,3
1532367,47
1532718,14
1533166,6
1534103,7
1534181,1
1534987,90
1535617,14
1536497,13
1537102,5
1537830,1
1538250,9
1538863,13
1539576,56
1540114,8
1540425,8
1540786,4
1541730,41
1542250,116
1542251,13
1542652,13
1542667,8
1543130,34
1543199,16
1543836,37
1543845,15
1544791,24
1545344,6
1545760,110
1546247,34
1547051,48
1547178,50
1547971,196
1548554,60
1549314,2
1549763,93
1549847,2
1549943,15
1550255,12
1550998,7
1551720,52
1552178,6
1552616,10
1553158,16
1553876,16
1554531,2
1555216,9
1556013,18
1556504,23
1556661,1
1557314,33
1557820,13
1557847,16
1558529,3
1558936,24
1559518,3
1560169,1
1560875,14
1561294,12
1562007,2
1562164,7
1562701,24
1563099,5
1563416,61
1564333,21
1565031,15
1565667,112
1566348,190
1566870,47
1567172,217
1567231,27
1567312,36
1568020,28
1568818,10
1569734,3
1570102,35
1570915,41
1571446,28
1571668,24
1572307,10
1573248,13
1573992,28
1574534,38
1574548,41
1575533,13
1576300,3
1576857,15
1576942,25
1577074,3
1578030,5
1578308,8
1578743,23
1579355,20
1580030,19
1580655,7
1581452,13
1581933,52
1582012,14
1582487,36
1582755,10
1583612,15
1584000,77
1584094,43
1584916,27
1584972,16
1585534,16
1585618,5
1585757,42
1586334,38
1586512,8
1587289,8
1587318,10
1588152,6
1589010,11
1589928,40
1590828,4
1590962,8
1591403,26
1592185,34
1592585,5
1592766,4
1592912,34
1592991,7
1593041,35
1594020,7
1594514,2
1595305,30
1595939,1
1596301,19
1596783,68
1597651,1
1598390,18
1598777,22
1598962,63
1599225,45
1600051,9
1600223,12
1600804,2
1600987,19
1601008,28
1601320,12
1601603,12
1602384,3
1602973,1
1603811,82
1604219,21
1604989,13
1605090,30
1605589,37
1605839,55
1606484,20
1606923,31
1607429,1
1607671,25
1607852,51
1608617,93
1609392,34
1609517,10
1609912,12
1610801,22
1610867,3
1610980,17
1611671,11
1612125,1
1612553,1
1612907,9
1613149,44
1613579,41
1613854,24
1614043,26
1614071,42
1614539,6
1615177,190
1615874,10
1616442,21
1617260,36
1617436,2
1617482,5
1618192,37
1618682,54
1618726,5
1619658,39
1620318,23
1620576,19
1621234,91
1621646,33
1621980,17
1622747,32
1623440,40
1624345,13
1624452,16
1624526,13
1625102,76
1625843,57
1626759,11
1626903,230
1627866,8
1628426,8
1628630,23
1629567,7
1630499,98
1630965,80
1631851,35
1632303,15
1633174,5
1633754,12
1634480,13
1634527,13
1634960,47
1635675,23
1636171,92
1636573,39
1637348,11
1638062,18
1638869,71
1639463,13
1639887,5
1639988,2
1640659,2
1640697,25
1640699,26
1640972,80
1641889,9
1642595,2
1643568,36
1643618,1
1644191,4
1645046,64
1645834,19
1646340,35
1647187,35
1647277,19
1647922,6
1648416,11
1648475,5
1649107,18
1650003,19
1650899,48
1651169,16
1651708,30
1651965,23
1652667,22
1652750,18
1653378,6
1654234,2
1654826,12
1654922,26
1655531,83
1656325,8
1657209,3
1657779,13
1658741,5
1659319,1
1659986,1
1660815,3
1661123,5
1661651,21
1661761,227
1662059,168
1662825,130
1663646,13
1663870,45
1664350,23
1665000,32
1665666,40
1665899,15
1666866,19
1667419,5
1667586,43
1667930,10
1668882,9
1669291,23
1669625,36
1670486,7
1671465,13
1671818,5
1671970,72
1672802,50
1673120,28
1673742,20
1673815,9
1674335,11
1674806,130
1674936,58
1675253,16
1675905,175
1676837,232
1677685,25
1677896,1
1678888,118
1679360,42
1679420,63
1680076,17
1680252,51
1680432,3
1680968,31
1681289,12
1681706,1
1682009,1
1682362,27
1683211,8
1683649,3
1684099,27
1684459,2
1684589,9
1685480,9
1685489,22
1685669,44
1686260,46
1686764,11
1687082,313
1687910,21
1688316,30
1689146,10
1689209,56
1689615,37
1689782,30
1690461,28
1690894,1
1691700,39
1692354,5
1692512,29
1692683,66
1692935,150
1692989,34
1693091,41
1693454,29
1693615,97
1694131,55
1694180,7
1694554,2
1695279,294
1695878,158
1696078,5
1696364,26
1697200,327
1697202,46
1698166,99
1698815,45
1699007,5
1699137,23
1699509,10
1700282,64
1700586,5
1701183,1
1701960,28
1702526,22
1702813,16
1703034,21
1703776,28
1703994,20
1704630,13
1705581,7
1706040,35
1706067,54
1706448,33
1706964,22
1707266,11
1707988,56
1708327,11
1708628,16
1709498,63
1710208,18
1710886,61
1711224,23
1711225,62
1711936,57
1712415,40
1712963,11
1713457,10
1714387,18
1714731,102
1715008,60
1715311,10
1715404,6
1716120,20
1716472,26
1717057,46
1717449,50
1717465,4
1717957,29
1718885,37
1719221,27
1719559,15
1720525,45
1720857,5
1721766,13
1722575,11
1722663,6
1723228,7
1723747,13
1723794,6
1723951,6
1724259,4
1725162,15
1725981,29
1726201,60
1726756,23
1727383,21
1727972,18
1728434,25
1728908,14
1729232,316
1729496,86
1730006,214
1730182,119
1730589,15
1731270,74
1731468,42
1731993,63
1732726,2
1733365,15
1733765,3
1733906,29
1734206,30
1734300,17
1735083,16
1735828,1
1736145,17
1736728,2
1737394,106
1737699,55
1738544,181
1738690,60
1739627,13
1740231,13
1740815,16
1741645,65
1742397,2
1743343,8
1744232,203
1745076,26
1745124,68
1745932,42
1746190,232
1746967,19
1747742,24
1748585,33
1749401,67
1749759,82
1750469,3
1750560,29
1750582,88
1750612,9
1751606,10
1752487,10
1752724,7
1753090,2
1753147,3
1754062,4
1754708,19
1754732,4
1754771,111
1755186,18
1755587,11
1756163,21
1756705,13
1756956,7
1757760,16
1758131,8
1758655,10
1759585,19
1760147,8
1760942,28
1761515,37
1762397,13
1762904,24
1763585,74
1763704,40
1764436,86
1764918,5
1765828,2
1766461,46
1766932,65
1767052,26
1767713,31
1767995,10
1768421,4
1768706,11
1768911,4
1768942,52
1768956,64
1769204,28
1769671,38
1769705,225
1769937,232
1770781,128
1770993,20
1771893,9
1772024,37
1772362,18
1773356,222
1773535,53
1774524,32
1774617,23
1775530,14
1776178,26
1776214,14
1776252,4
1776280,26
1776443,18
1777332,25
1777669,7
1778170,2
1778815,3
1779165,5
1780063,19
1780160,2
1780558,18
1780765,25
1780941,18
1781081,3
1782041,3
1782817,5
1783169,27
1783253,9
1783282,16
1783600,62
1784020,66
1784108,10
1784519,6
1785451,38
1785957,31
1786174,4
1786364,29
1786525,18
1787191,140
1788074,44
1788819,83
1789149,3
1789714,24
1790121,10
1790955,48
1791784,22
1792505,18
1792993,16
1793377,177
1793868,31
1794834,8
1795313,37
1795593,20
1796247,8
1796472,81
1797023,19
1797448,40
1798127,32
1798233,38
1798888,2
1799162,15
1799377,22
1800249,78
1800440,190
1800907,56
1801547,1
1801597,25
1802453,5
1803282,2
1803860,16
1804544,12
1804642,12
1805185,9
1805488,112
1806296,73
1807257,23
1808106,49
1808470,99
1808901,33
1809616,53
1809964,21
1810862,6
1811245,15
1811845,5
1812370,81
1813344,3
1813420,45
1814016,35
1814462,40
1815068,41
1815839,9
1816053,2
1816796,45
1817073,86
1817701,17
1818228,48
1818424,6
1818869,14
1819243,41
1820237,11
1821048,25
1821110,35
1821212,9
1821433,9
1821702,73
1821884,1
1821947,38
1822358,17
1822664,43
1823130,4
1823394,6
1824330,49
1824914,1
1825667,5
1826136,105
1826926,7
1827823,4
1828664,16
1829354,10
1829992,18
1830328,17
1831026,140
1831657,53
1831674,35
1832038,33
1832150,32
1832209,19
1832871,68
1832896,79
1833819,25
1833941,33
1834223,57
1834416,10
1834911,30
1835307,19
1835732,54
1836461,23
1836919,25
1837497,4
1838175,1
1838755,5
1839031,21
1839313,29
1839582,13
1839844,12
1840180,12
1840350,2
1840637,57
1841367,45
1841429,31
1841448,23
1842150,13
1842684,57
1842792,18
1842923,64
1843027,8
1844025,47
1844408,27
1844844,34
1845435,19
1845636,66
1846399,29
1846462,25
1846864,23
1847822,19
1848727,31
1848844,12
1849616,5
1849707,22
1849737,91
1850708,6
1851598,165
1852076,25
1852099,23
1852937,10
1853367,6
1853548,1
1854157,36
1854170,9
1854583,9
1855564,16
1855913,6
1856513,5
1856961,4
1857455,33
1857721,34
1858651,192
1859039,410
1859768,39
1859884,14
1859977,21
1860332,4
1860491,79
1860720,36
1861000,24
1861964,40
1862873,1
1863819,31
1864792,14
1865574,1
1866411,46
1867069,5
1867652,33
1868145,13
1869056,71
1869517,7
1869763,363
1869940,67
1870547,2
1871026,68
1871370,51
1872036,23
1872602,94
1873222,14
1873684,50
1874176,11
1875147,88
1875650,61
1876194,1
1876426,19
1877137,32
1877253,7
1877861,7
1877932,14
1878047,13
1878529,67
1879504,22
1880294,81
1880626,73
1880689,53
1881176,83
1882156,212
1882731,77
1883172,17
1883531,55
1884484,47
1885460,12
1886437,5
1887219,6
1887590,4
1888451,1
1888892,14
1889597,168
1890107,19
1891015,8
1891250,7
1892058,17
1892192,5
1892264,12
1892745,4
1893305,39
1894232,7
1894639,16
1894935,12
1895348,58
1895994,18
1896772,68
1896920,50
1897655,61
1898573,1
1899408,2
1899687,39
1900480,12
1901073,15
1901762,36
1902682,6
1903665,6
1904034,1
1904556,36
1904669,34
1905333,5
1905844,70
1906757,24
1907323,4
1907754,4
1908561,24
1909065,47
1909655,2
1910191,8
1910722,7
1911182,16
1911384,8
1911737,34
1912012,45
1912383,16
1913010,133
1913039,21
1913402,5
1913424,32
1913825,8
1914359,10
1915220,23
1916198,32
1916904,59
1917409,34
1917842,19
1918309,22
1918620,17
1918627,12
1918815,37
1919019,58
1919823,8
1919919,8
1920477,274
1921152,7
1922124,13
1922553,16
1922958,17
1923283,10
1924050,45
1924247,61
1924290,1
1924967,1
1925179,25
1925838,44
1926168,2
1927068,4
1927996,4
1928244,3
1928796,85
1929594,35
1930368,27
1930948,11
1931380,12
1931852,27
1932569,13
1933100,5
1933787,14
1934214,45
1934274,18
1934641,13
1935285,4
1935592,22
1935762,5
1936454,36
1936497,13
1937078,9
1937688,38
1938068,1
1938670,14
1939556,25
1939748,26
1939936,65
1940255,65
1940267,30
1940985,114
1941671,42
1941937,15
1942030,1
1942313,39
1942939,10
1943496,35
1944337,40
1944753,26
1945610,9
1946466,25
1947410,29
1947653,1
1948542,22
1949394,238
1950240,34
1950621,21
1951168,23
1951265,43
1952073,3
1952622,46
1952854,14
1953205,7
1953967,10
1954806,147
1954824,23
1955352,15
1955429,12
1955887,27
1955988,25
1956527,172
1956818,30
1957774,28
1958416,10
1959063,11
1959853,3
1959943,65
1960337,8
1960387,9
1961311,89
1962198,240
1962680,12
1963564,30
1964198,31
1964998,1
1965279,3
1965742,22
1966301,8
1966903,2
1967750,94
1967775,46
1968677,75
1969604,46
1970298,8
1970694,9
1971103,44
1971222,45
1971393,14
1971894,11
1972825,5
1972833,16
1973037,56
1973331,12
1973664,43
1974220,36
1974837,3
1975821,6
1976130,65
1976612,18
1977540,24
1978193,27
1978905,21
1979533,28
1979590,68
1979624,57
1980086,81
1980383,7
1981289,41
1981558,11
1981995,26
1982031,9
1982555,35
1982685,3
1982904,228
1983338,18
1983744,57
1984705,32
1985339,21
1986190,8
1986895,18
1986986,28
1987884,60
1988709,23
1988815,31
1989763,14
1989948,73
1990624,26
1991314,61
1991804,11
1992563,28
1992625,221
1993236,38
1994009,25
1994527,8
1994978,7
1995373,30
1996076,4
1996278,23
1996590,138
1996785,13
1997699,16
1998313,1
1998748,10
1999684,3
1999720,2
2000583,1
2001228,16
2001712,2
2002292,8
2003146,4
2003299,21
2003418,2
2004088,3
2004376,72
2004607,7
2004696,3
2005193,3
2005622,23
2005822,23
2006660,11
2007230,10
2007354,6
2008057,10
2008978,14
2009786,9
2010519,2
2010548,5
2011086,6
2011987,45
2012443,2
2012840,15
2013288,9
2014078,15
2014299,29
2014707,14
2014771,6
2015751,29
2015822,9
2015956,21
2016734,17
2017343,1
2017483,12
2018456,1
2018882,3
2019188,1
2019803,14
2020493,3
2021170,1
2021539,3
2021815,26
2022354,2
2022567,3
2023012,1
2023661,6
2023981,1
2024355,2
2024383,1
2024903,6
2025428,10
2026327,14
2027145,16
2027882,1
2027980,25
2028346,33
2029039,16
2029824,1
2030316,6
2031136,9
2032064,3
2032077,1
2032140,15
2032266,1
2033003,6
2033686,17
2033787,3
2034407,21
2034791,10
2035790,49
2035946,2
2036336,8
2036606,10
2036807,11
2037685,7
2038622,3
2039074,9
2039249,3
2039930,4
2040308,2
2040702,5
2040862,15
2041139,3
2041194,7
2041199,4
2041383,11
2041867,7
2042197,5
2043102,6
2043935,6
2044604,4
2044701,45
2044810,1
2045492,17
2046224,50
2046641,8
2046717,1
2047325,18
2047735,2
2048018,9
2048552,2
2048756,3
2048786,4
2048890,1
2048938,2
2049439,6
2049728,17
2050696,1
2051413,48
2051998,3
2052790,15
2053422,1
2053531,14
2054031,1
2054381,3
2054797,5
2055795,17
2056551,1
2057094,1
2057531,8
2057975,59
2058499,40
2059409,11
2060009,11
2060880,11
2061736,2
2062332,8
2063202,100
2063849,18
2064239,17
2064568,65
2065252,4
2065635,2
2066274,10
2066755,5
2066803,5
2067504,7
2068463,4
2068650,5
2069605,8
2070461,5
2070743,7
2070968,12
2071030,11
2071468,2
2071488,2
2071821,2
2072280,2
2073013,40
2073279,5
2073373,4
2073553,16
2074214,21
2075081,1
2075137,56
2075370,4
2075572,8
2076178,12
2076266,2
2076492,9
2077141,43
2078072,1
2079032,12
2080019,3
2080312,63
2080447,22
2081161,5
2081282,7
2082039,5
2082667,10
2083361,12
2083596,4
2083642,7
2084326,2
2085253,19
2086116,7
2086169,2
2086426,15
2086931,16
2087286,30
2087473,4
2088124,7
2088432,8
2088804,14
2089475,9
2089809,4
2090210,6
2090448,3
2090774,6
2090997,10
2091409,2
2092189,6
2092301,17
2093266,3
2093460,8
2094264,3
2094768,8
2095467,14
2096293,10
2097059,1
2097490,6
2097937,9
2098200,64
2098918,7
2099557,1
2100530,4
2101150,13
2101354,8
2102076,1
2102573,4
2103443,1
2104233,18
2104374,5
2105217,2
2105775,2
2106253,1
2107118,4
2107392,32
2107747,11
2108705,1
2108949,13
2109550,2
2109871,46
2110410,7
2110768,3
2110905,6
2111812,4
2111962,14
2112375,2
2113128,2
2113404,7
2113495,5
2113614,5
2114572,14
2115021,5
2115577,1
2115784,17
2116359,3
2116942,3
2117415,11
2117425,2
2117653,3
2117864,14
2118153,1
2118219,8
2118265,6
2118799,4
2119766,26
2120351,12
2120468,36
2120713,10
2121216,2
2121258,1
2121378,19
2122305,29
2122960,10
2123850,11
2124631,7
2125454,2
2125959,44
2125981,6
2126196,23
2126992,12
2127264,15
2127864,3
2128766,8
2129553,20
2130194,18
2130962,25
2131297,8
2131449,26
2131950,8
2132117,13
2132190,14
2132777,2
2133716,3
2134149,4
2134749,6
2134815,5
2135183,6
2135637,19
2135899,16
2136250,3
2136822,8
2137252,11
2138228,3
2139139,1
2140050,21
2140811,18
2141414,55
2141839,13
2141914,12
2142707,5
2142961,3
2143038,1
2143536,1
2143679,5
2144231,10
2144424,18
2145129,13
2145316,4
2145486,8
2145536,2
2146328,26
2147316,9
2147735,1
2148058,4
2148471,31
2149337,4
2150289,21
2150654,1
2150854,30
2151449,9
2151515,33
2152395,4
2152924,6
2153251,4
2154123,18
2155094,202
2156034,10
2156686,12
2157651,4
2157942,10
2158338,4
2158754,24
2159129,5
2159181,1
2160087,58
2160645,6
2161642,13
2162345,6
2162634,6
2162871,3
2163773,46
2163810,6
2164018,20
2164145,4
2164765,12
2165370,1
2165504,4
2165820,5
2166320,3
2167312,1
2168246,3
2168553,15
2168764,20
2169581,7
2170535,1
2170597,1
2170798,1
2171304,18
2171671,14
2172493,4
2173369,6
2173711,2
2174236,15
2174400,8
2174465,4
2175054,12
2175805,10
2176597,7
2177538,5
2178405,2
2179097,1
2179263,6
2179834,4
2180111,1
2180197,38
2180950,7
2181896,7
2182095,4
2182752,4
2182859,16
2183771,2
2184285,5
2184409,2
2185289,13
2185654,3
2186524,18
2187037,2
2187141,2
2187458,5
2188094,10
2188431,8
2188435,1
2189411,7
2189456,3
2189721,3
2190326,27
2191081,1
2191469,13
2192234,30
2192590,15
2193444,3
2193467,4
2193611,6
2193759,15
2194625,5
2195049,14
2195317,17
2196262,5
2196467,16
2197012,4
2197525,4
2197725,14
2198677,3
2198972,14
2199715,7
2200369,5
2201296,5
2201631,53
2201799,11
2202458,9
2203043,29
2203965,1
2204233,24
2204947,7
2205544,8
2205897,13
2206746,10
2207424,13
2208186,6
2208245,7
2208540,2
2209432,23
2210199,5
2210425,12
2211192,3
2211789,23
2212372,2
2213342,1
2213992,19
2214433,10
2214689,9
2215258,6
2215751,25
2215805,44
2216225,25
2216229,7
2216575,10
2217216,18
2218157,5
2218761,1
2219717,2
2220715,4
2221349,10
2222184,14
2222459,5
2223379,5
2223739,5
2224229,1
2224537,4
2224658,8
2224766,6
2225639,2
2225950,11
2226744,12
2227585,8
2228385,12
2228408,29
2229148,11
2229395,15
2230057,12
2230386,1
2231291,6
2231364,41
2231774,5
2232451,7
2233134,14
2233462,10
2233916,10
2234578,15
2235312,26
2235993,6
2236220,12
2236784,4
2236896,36
2237227,6
2238060,21
2238169,5
2238930,4
2239063,14
2239187,12
2239596,49
2239701,19
2240411,12
2240446,5
2241310,12
2241963,1
2242715,2
2243662,4
2244325,10
2245184,15
2245994,30
2246490,5
2246892,4
2247120,4
2248056,4
2248191,45
2249133,14
2249807,8
2250584,43
2250612,3
2251576,3
2251739,26
2252462,7
2252812,44
2253252,21
2254041,39
2254449,6
2255218,25
2256148,8
2256307,2
2256658,20
2256961,1
2257456,32
2258289,6
2259054,4
2259180,3
2259753,4
2260466,28
2260553,2
2260645,4
2261101,4
2261828,90
2262637,36
2263252,14
2263480,5
2263613,1
2264245,30
2265047,4
2265088,11
2265354,1
2266220,22
2266600,24
2267346,24
2267668,11
2268614,10
2268666,17
2269659,30
2270513,7
2271345,6
2272046,7
2272458,9
2273244,26
2273401,3
2273596,34
2273798,34
2273951,25
2274466,1
2274956,8
2275436,8
2275614,9
2275989,1
2276741,3
2277208,3
2277900,3
2278433,5
2279061,8
2279234,5
2279954,6
2279989,1
2280839,58
2281299,27
2281848,50
2281956,9
2282065,14
2282414,2
2283350,10
2283645,6
2284114,3
2284633,1
2284954,5
2284955,5
2285240,8
2285348,3
2285376,3
2285849,4
2286272,3
2286628,24
2287562,7
2287847,2
2287853,1
2288137,5
2288337,6
2289206,7
2290159,6
2290397,3
2290630,4
2290809,24
2291737,36
2292386,4
2292484,5
2292972,6
2293670,9
2294030,9
2294064,1
2294797,6
2294962,8
2295650,5
2295738,12
2295819,1
2296481,19
2297075,4
2297801,3
2298403,9
2298895,17
2299144,12
2300010,8
2300714,2
2300784,5
2300991,7
2301588,6
2301668,5
2302284,1
2303128,4
2303244,1
2303762,50
2303880,63
2304033,4
2304087,3
2304266,6
2304490,5
2305405,16
2305765,3
2305964,7
2306056,2
2306959,5
2307487,1
2307629,6
2308408,6
2309132,19
2309739,1
2309796,12
2310731,31
2310753,58
2311418,1
2311419,9
2312066,14
2312662,4
2313466,4
2314085,3
2314460,12
2314506,5
2315001,34
2315179,2
2316070,18
2316191,13
2316941,5
2317885,5
2318669,6
2318793,19
2319586,21
2320553,6
2321411,16
2321439,4
2321929,4
2322324,4
2322467,7
2322793,12
2323785,1
2324616,8
2324647,4
2325393,6
2326124,15
2327027,13
2327117,10
2327768,2
2328586,8
2328827,27
2329297,5
2329420,4
2329479,35
2329558,1
2330296,20
2330380,11
2330980,11
2331652,26
2332222,2
2332476,9
2333126,22
2333166,5
2333654,4
2333747,4
2334268,6
2334566,13
2334570,38
2335407,3
2336302,1
2336886,1
2337484,9
2337876,87
2338852,2
2339359,19
2339613,28
2340200,20
2340996,86
2341911,7
2342226,12
2342266,2
2342335,8
2343038,2
2343054,54
2343090,39
2343376,10
2344108,7
2344459,4
2344945,6
2345674,31
2346359,6
2346660,4
2347117,5
2347208,19
2347853,8
2347929,8
2348346,15
2349159,4
2349556,12
2350063,1
2350843,3
2351339,17
2352295,1
2352435,1
2353185,6
2354093,31
2354652,28
2355629,8
2355751,5
2356401,21
2357352,4
2357523,14
2357947,9
2358935,19
2359162,4
2359988,3
2360471,17
2360603,14
2361420,1
2361880,4
2362525,29
2362581,3
2363105,4
2363191,22
2363816,10
2364723,12
2365085,13
2365898,7
2366148,52
2366355,72
2366573,6
2367436,2
2367913,8
2368838,8
2369804,7
2370109,6
2370908,1
2371770,1
2372553,3
2373157,6
2373592,16
2374314,12
2374957,1
2375743,3
2375866,21
2376757,12
2377335,7
2377735,8
2377849,5
2378271,12
2379195,3
2379432,6
2379488,53
2379658,9
2380117,3
2380793,3
2381464,9
2382109,28
2382861,2
2383295,3
2383976,9
2384887,7
2385156,1
2385167,3
2385195,1
2385710,2
2385914,10
2386057,7
2386551,1
2386906,1
2387381,7
2388023,8
2388385,7
2389184,7
2389457,15
2390187,9
2390516,7
2391077,4
2391844,4
2391860,3
2392287,23
2392467,6
2393071,12
2393569,16
2394408,2
2395389,1
2396177,49
2396750,139
2396986,10
2397764,2
2397911,10
2398521,16
2399391,2
2399913,1
2400816,12
2400845,1
2401751,11
2402529,7
2403142,21
2403303,16
2403738,1
2404693,13
2405283,13
2406172,38
2406399,23
2407112,5
2408077,29
2409071,2
2409102,13
2409757,1
2409928,1
2410432,18
2410627,10
2411425,18
2411704,20
2411964,2
2412294,12
2412589,29
2413111,10
2414102,9
2414738,10
2415018,3
2415424,4
2415876,4
2416382,3
2417217,10
2417674,37
2418158,1
2418539,7
2419004,7
2419758,20
2420068,2
2420099,3
2420222,7
2420796,26
2420901,10
2421831,7
2422435,3
2423389,4
2423934,12
2424516,2
2424628,17
2424870,5
2424875,4
2425790,4
2426137,37
2427015,2
2427525,6
2427891,9
2428645,11
2429104,15
2429745,42
2430068,13
2430661,5
2431119,9
2431539,5
2431951,27
2432534,21
2432743,1
2432860,6
2433401,8
2434104,17
2435040,6
2435754,1
2436170,4
2436969,5
2437099,1
2437618,11
2438408,16
2439344,9
2439558,3
2440064,16
2440235,22
2440416,4
2440850,11
2440914,2
2441719,21
2442472,8
2442752,1
2443419,14
2443818,39
2444237,15
2444431,4
2444721,78
2445075,19
2445656,16
2445683,4
2446306,4
2446380,1
2446725,4
2447586,6
2448232,2
2448969,4
2448990,3
2449780,3
2450451,6
2451076,6
2451150,4
2451516,1
2452390,12
2452616,17
2453339,7
2453864,11
2454338,11
2454397,4
2455273,4
2455807,1
2456539,6
2456857,32
2457608,12
2458366,7
2458965,1
2459331,25
2459885,32
2460620,18
2460689,5
2460736,31
2461058,21
2461938,9
2462555,3
2463317,196
2464025,19
2464257,19
2464448,1
2464793,6
2465306,8
2465789,6
2465812,33
2465813,42
2465859,1
2466048,4
2466737,7
2467523,8
2468077,20
2468762,5
2468805,45
2469131,5
2469789,17
2470762,3
2471225,2
2471570,4
2472076,9
2472673,2
2473413,9
2473429,4
2474191,3
2475039,4
2475133,7
2475563,9
2475653,3
2475963,24
2476239,26
2476462,3
2476569,5
2477276,29
2477345,6
2477847,13
2478188,19
2478494,23
2478626,15
2479026,2
2479556,7
2480376,1
2481108,29
2481749,2
2482633,20
2483440,6
2484216,14
2484886,5
2484937,9
2485099,8
2485832,3
2486388,4
2486625,5
2486649,7
2487289,1
2487984,28
2488048,44
2488571,3
2488734,6
2489222,1
2489833,6
2490203,9
2490518,15
2490736,3
2491074,1
2491997,9
2492236,36
2493150,38
2493982,8
2494122,1
2494511,9
2494898,65
2495121,18
2495930,4
2496221,5
2496394,7
2496623,2
2497550,12
2498084,3
2498786,1
2499759,12
2500446,2
2500749,3
2501032,4
2501372,5
2502074,10
2502406,7
2502603,1
2503184,6
2503472,15
2504058,2
2504168,3
2504698,4
2505322,2
2505335,21
2505803,23
2506121,8
2506779,6
2506884,1
2506903,9
2507748,4
2508055,1
2508510,16
2509134,1
2509573,9
2509670,3
2509818,14
2510283,20
2510533,6
2510824,1
2511676,26
2512443,1
2513391,1
2514175,3
2515087,1
2515750,2
2516218,23
2516970,1
2517143,9
2517843,5
2517880,16
2518576,8
2519479,4
2519726,2
2520148,11
2520466,41
2521310,44
2521411,4
2522228,8
2522622,19
2523521,4
2524165,2
2524821,17
2525612,29
2525650,14
2526108,11
2526611,10
2526819,4
2527457,6
2527752,1
2528640,3
2529552,17
2529948,81
2530612,60
2531493,84
2531779,48
2532470,13
2533108,4
2533323,2
2534083,1
2534110,5
2534425,3
2535060,4
2535427,8
2535883,12
2536470,6
2536616,2
2537366,15
2537804,18
2538397,3
2539211,13
2539585,2
2539720,1
2540169,10
2541115,8
2541502,1
2541835,7
2542285,5
2543153,2
2543997,19
2544575,9
2544765,4
2545054,2
2545378,4
2546173,28
2546911,29
2547126,2
2548121,27
2548337,12
2548361,2
2548391,2
2548996,3
2549740,18
2550438,8
2550895,8
2551780,7
2552714,35
2553295,66
2553766,6
2554446,1
2554509,4
2554847,15
2555037,4
2555342,4
2555454,4
2556160,10
2557055,27
2557151,5
2557984,8
2558678,4
2559060,16
2559426,5
2559484,32
2560442,23
2560627,8
2560917,6
2561746,7
2562266,3
2562575,11
2563106,16
2563646,8
2564045,2
2564492,12
2564595,8
2565135,123
2566009,10
2566412,20
2566600,14
2566679,12
2566975,14
2567610,12
2568585,1
2569151,39
2569978,5
2570553,11
2571458,13
2571531,2
2571763,2
2572171,11
2572507,4
2572543,6
2573155,25
2573595,3
2574541,9
2574712,7
2575124,12
2576063,4
2576099,20
2576170,3
2576388,8
2577018,28
2577550,35
2578061,23
2578545,19
2578790,11
2579422,65
2579463,7
2580439,5
2581384,27
2582233,8
2582240,1
2582826,6
2583485,14
2583625,6
2583946,3
2584153,3
2585116,9
2585912,1
2586147,19
2586703,101
2587162,3
2587651,13
2588581,2
2588614,6
2588782,12
2589683,15
2590191,68
2590650,28
2591471,1
2591734,5
2591874,10
2592307,13
2592943,14
2593224,5
2593622,3
2594437,4
2595236,11
2595491,56
2595752,51
2595829,29
2596674,52
2597112,4
2597516,15
2597967,3
2598285,1
2598762,3
2598866,5
2598896,12
2599464,34
2599988,9
2600517,1
2600623,8
2601354,4
2602273,9
2603249,7
2603666,5
2603758,7
2603909,12
2604112,3
2604152,3
2604602,5
2605192,27
2605640,18
2606386,28
2607121,4
2607683,3
2608150,9
2608964,3
2609834,26
2610728,9
2611304,2
2611913,2
2612126,5
2612706,13
2612985,2
2613877,4
2613946,8
2614309,5
2614812,4
2615236,5
2615262,3
2616173,2
2616422,3
2617153,2
2618083,9
2619062,28
2619404,2
2620174,1
2620667,86
2621527,3
2622144,7
2622193,13
2622455,4
2622679,20
2622849,4
2623770,19
2623904,21
2624292,4
2625237,1
2625439,9
2625924,26
2626811,29
2626858,2
2627277,9
2627964,5
2628747,43
2629462,6
2630030,1
2630407,5
2631147,9
2632105,12
2632929,1
2632939,1
2633784,4
2634483,14
2635003,5
2635020,25
2635028,3
2635662,10
2636291,52
2637067,4
2637649,3
2637703,17
2638609,6
2639042,12
2639685,3
2640381,7
2641318,6
2641483,34
2642071,15
2642307,32
2643283,6
2643725,2
2644247,2
2644369,3
2644916,6
2645343,19
2646149,39
2647046,19
2647959,4
2648358,4
2648913,10
2649155,2
2649640,24
2650125,20
2650253,11
2650470,44
2650888,8
2651766,13
2652411,1
2652637,5
2653183,62
2654048,56
2654735,17
2654931,4
2655365,17
2656152,12
2656158,9
2656444,1
2656632,12
2657161,3
2658092,1
2658329,17
2658555,4
2659134,9
2659203,5
2659831,2
2660249,20
2660685,24
2661203,15
2661735,4
2661998,21
2662296,3
2663048,4
2663299,3
2664008,1
2664484,4
2665050,3
2665504,9
2665815,3
2665954,2
2665956,1
2666666,6
2667258,6
2667547,15
2668131,2
2668203,30
2668216,17
2668895,2
2669516,5
2670461,14
2670837,12
2671529,2
2672129,1
2672183,7
2672907,7
2673488,5
2673874,128
2673990,95
2674810,29
2675545,2
2676460,3
2676974,3
2677196,5
2677502,2
2677535,8
2678083,9
2678812,6
2679540,6
2680432,1
2681264,7
2681799,1
2682244,6
2682289,10
2682368,2
2683223,6
2683802,8
2684435,7
2684666,46
2685564,4
2685907,18
2686402,2
2686655,53
2686855,42
2686936,5
2687363,15
2687880,11
2688785,17
2689743,3
2690484,1
2691465,1
2691997,11
2692985,21
2693376,18
2693392,10
2693787,10
2694393,7
2695159,4
2696136,8
2696263,20
2696735,114
2697691,4
2698134,18
2698644,11
2699597,2
2700492,36
2701429,20
2702384,20
2703088,5
2703233,2
2703625,35
2704615,4
2705569,10
2706431,3
2706891,8
2706963,2
2707029,8
2707303,39
2708138,2
2708578,22
2708732,4
2708833,3
2709362,3
2709694,8
2710114,12
2710989,12
2711691,16
2712258,5
2713101,1
2713643,16
2714132,7
2714274,3
2714478,1
2714551,6
2714854,36
2715059,3
2715221,1
2715916,2
2716360,9
2717153,2
2717454,1
2718387,3
2719014,5
2719094,4
2719579,37
2720289,69
2721183,4
2721516,2
2722274,17
2722297,6
2723278,12
2724106,1
2724124,9
2724643,1
2724667,5
2725259,12
2725374,9
2725433,9
2726034,7
2726376,3
2726766,10
2726778,3
2726960,6
2727275,5
2728150,4
2728805,25
2729447,7
2730226,4
2730831,23
2731017,1
2731234,1
2731288,4
2732280,18
2732591,11
2732613,10
2733254,1
2733645,5
2734181,1
2735011,27
2735546,7
2736018,18
2736849,5
2737172,5
2737885,16
2737889,19
2738264,14
2738558,2
2738737,2
2739219,15
2739465,4
2740032,2
2740079,17
2740458,20
2741268,15
2742225,1
2742743,23
2743152,99
2743996,13
2744929,6
2745542,2
2745965,2
2746761,31
2747024,1
2747082,8
2747774,19
2748578,3
2749139,1
2749860,12
2750083,2
2750095,1
2750726,5
2751662,1
2752000,150
2752514,3
2753495,17
2754223,11
2755080,4
2755189,32
2755484,25
2755732,8
2756176,18
2756938,6
2757438,28
2757736,5
2758095,17
2758175,24
2758251,96
2758287,9
2759059,4
2759778,4
2760153,27
2760336,3
2761274,2
2761821,13
2762448,6
2763061,7
2763121,7
2763188,8
2763524,16
2764488,15
2764635,15
2764812,9
2765628,5
2766308,7
2766518,9
2767494,6
2768056,12
2768637,14
2769473,22
2769576,3
2770385,31
2771196,16
2771463,44
2771965,48
2772670,3
2773598,7
2774410,8
2774999,5
2775456,17
2775745,8
2775831,2
2776206,43
2777056,5
2777765,7
2778191,46
2779107,8
2779191,1
2779933,16
2780710,38
2781112,6
2781713,31
2782228,5
2782788,2
2783742,126
2784137,24
2784980,5
2785640,15
2786590,8
2787036,7
2787694,15
2788643,5
2789528,11
2789951,10
2790441,2
2791213,2
2791864,10
2792489,8
2792945,10
2793818,70
2794512,25
2795279,10
2795602,8
2796032,1
2796868,29
2797673,2
2797877,2
2798207,6
2798436,8
2799298,22
2800241,2
2800454,1
2800959,4
2801353,8
2801811,12
2802595,1
2802690,4
2803401,2
2803807,7
2804719,9
2805203,3
2805241,14
2805306,6
2805767,2
2806136,28
2806944,21
2807264,10
2807362,50
2807378,2
2807871,2
2808472,3
2809120,11
2810085,5
2810718,14
2811715,5
2811924,5
2812012,8
2812364,30
2812405,14
2812775,2
2813119,17
2813716,10
2814609,13
2814635,1
2815607,1
2816095,19
2816757,4
2816877,9
2816933,3
2817812,10
2818477,2
2819232,1
2819724,3
2819787,6
2820076,14
2820594,8
2820992,3
2821045,49
2821340,30
2821466,1
2822000,1
2822377,2
2822403,3
2822800,22
2823710,14
2824444,5
2824615,16
2824638,13
2825407,5
2826127,66
2827079,6
2827807,16
2828118,8
2828385,2
2828426,25
2829293,188
2829386,2
2829737,2
2829930,9
2830897,13
2831689,7
2832093,9
2832407,1
2832958,7
2833803,1
2833955,35
2834294,17
2834590,15
2834619,18
2834871,13
2835159,26
2835178,5
2835610,18
2836589,7
2837350,3
2837461,14
2837884,18
2838728,5
2839578,17
2840132,3
2840984,17
2841727,20
2842317,4
2842622,6
2842792,21
2843071,2
2843310,3
2843850,3
2843943,3
2844327,10
2844531,1
2845075,39
2845279,8
2845828,2
2846069,29
2846988,5
2847946,3
2848341,32
2848702,2
2849197,1
2850190,3
2850564,2
2850568,61
2850676,9
2851067,26
2851363,4
2851639,10
2852206,5
2852932,5
2853437,13
2854027,5
2854429,2
2854617,6
2854917,10
2855612,9
2856326,25
2856766,12
2857554,4
2858308,11
2858756,8
2858904,1
2859339,42
2859490,52
2860188,9
2860996,2
2861755,7
2861781,26
2861835,1
2861889,7
2862443,12
2863116,13
2863546,26
2863863,2
2864831,22
2865104,12
2865755,4
2865991,10
2866121,3
2866665,1
2867464,2
2867662,21
2867824,1
2868598,15
2869596,16
2870551,3
2871253,26
2871469,9
2872079,14
2872180,12
2872204,8
2872227,33
2872969,2
2873927,12
2874354,3
2874536,20
2874874,21
2875297,11
2875947,1
2876727,23
2876858,2
2877562,37
2878135,4
2879092,2
2879483,12
2879994,1
2880942,1
2881114,11
2881286,3
2881601,7
2881970,15
2882239,11
2883006,5
2883921,3
2884089,3
2884139,55
2885039,4
2885231,9
2885734,47
2885924,3
2885984,5
2886456,1
2886469,29
2886958,2
2887021,2
2887241,2
2887640,7
2887761,4
2887925,3
2888332,10
2888816,7
2889131,6
2889585,4
2890525,8
2890957,4
2891320,4
2892101,16
2892306,11
2892981,3
2893615,7
2894255,6
2894542,6
2895264,1
2895903,12
2896412,28
2897371,1
2897788,1
2897833,15
2898794,9
2898980,4
2899540,7
2900163,30
2900227,45
2900682,11
2901393,31
2902058,39
2902322,8
2902365,18
2903209,27
2903392,24
2904350,21
2904743,15
2905597,16
2906332,3
2907297,4
2908287,6
2908293,11
2909134,18
2909456,2
2909739,2
2909842,1
2909999,9
2910961,3
2911015,3
2911912,5
2912138,10
2912410,2
2912925,3
2913473,2
2914063,14
2914995,4
2915685,5
2916025,73
2916826,49
2917165,12
2917588,1
2918587,11
2918861,1
2919188,8
2919357,5
2919441,6
2920015,4
2920428,18
2921010,1
2921183,13
2921697,27
2922418,27
2922507,11
2922538,3
2922919,4
2923916,13
2924430,12
2924635,14
2924995,6
2925357,2
2925561,6
2926339,26
2926997,9
2927506,2
2927762,15
2928750,9
2929563,12
2930542,21
2930997,1
2931251,1
2931769,34
2932257,33
2932879,2
2933855,5
2934055,19
2934081,2
2934869,17
2935830,21
2935879,15
2935889,3
2936293,2
2936514,20
2936752,22
2937389,73
2937953,2
2938609,4
2939236,10
2940176,30
2940940,3
2941443,4
2941958,18
2941989,4
2942706,14
2943414,1
2944083,2
2944876,6
2945301,13
2945782,12
2946194,4
2946611,5
2947228,7
2947498,9
2948324,22
2948344,5
2949219,1
2949937,8
2950886,2
2951658,2
2951824,2
2952142,14
2952725,3
2953681,8
2953707,10
2953965,2
2954118,20
2954754,3
2955092,3
2955585,37
2955734,36
2956453,11
2956720,5
2957351,3
2957481,14
2958376,25
2958416,3
2958657,11
2959486,13
2959777,1
2960025,12
2960913,2
2960940,5
2960969,19
2961855,3
2962646,13
2963344,10
2963601,1
2963850,11
2964470,4
2965009,4
2965924,3
2966087,8
